7	7	1.17582	-1.26236	
23	7	1.2327	-1.24828	
39	7	1.46407	-1.29128	
55	7	1.50771	-1.20063	
71	7	1.57452	-1.20832	
87	7	1.62768	-1.16628	
103	7	1.72997	-1.05241	
119	7	1.76267	-1.08606	
135	7	1.86349	-1.20441	
151	7	2.07828	-0.896678	
167	7	2.04724	-0.968607	
183	7	2.08085	-1.51587	
199	7	2.33019	-0.655424	
215	7	2.36087	-0.413565	
231	7	0.0643458	-6.28513	
247	7	2.45161	-0.0798583	
263	7	2.28008	0.0270639	
279	7	2.37837	0.219225	
295	7	2.39393	0.426614	
311	7	1.91178	0.456345	
327	7	2.3746	0.546665	
343	7	2.10889	0.782672	
359	7	2.06434	0.944059	
375	7	1.96346	0.932211	
391	7	1.80922	1.06273	
407	7	2.08675	0.698626	
423	7	1.66916	0.82831	
439	7	1.57452	1.15248	
455	7	1.47069	1.19611	
471	7	1.27174	1.14905	
487	7	1.21037	1.21463	
503	7	1.24778	1.20304	
7	23	1.15709	-1.2841	
23	23	1.28093	-1.31405	
39	23	1.37796	-1.30175	
55	23	1.57676	-1.25908	
71	23	1.54968	-1.33117	
87	23	1.67163	-1.20209	
103	23	1.86469	-1.17869	
119	23	1.93522	-1.12673	
135	23	2.02532	-1.06688	
151	23	2.13405	-0.794712	
167	23	2.33395	-0.799334	
183	23	2.41224	-0.755111	
199	23	2.47808	-0.570674	
215	23	2.46535	-0.30357	
231	23	2.58079	-0.222252	
247	23	2.6517	-0.122657	
263	23	2.87347	0.0531971	
279	23	2.77379	0.16699	
295	23	2.5469	0.430527	
311	23	2.49078	0.596367	
327	23	2.33433	0.729695	
343	23	2.23037	0.839087	
359	23	2.18658	0.981633	
375	23	2.04124	1.06079	
391	23	1.80035	1.11873	
407	23	1.86275	1.16935	
423	23	1.75187	1.17749	
439	23	1.6793	1.22192	
455	23	1.56404	1.26566	
471	23	5.70842	-6.1762	
487	23	1.29452	1.13932	
503	23	1.28099	1.30239	
7	39	1.1569	-1.40859	
23	39	1.19096	-1.3348	
39	39	1.36521	-1.46167	
55	39	1.44878	-1.3672	
71	39	1.64986	-1.44846	
87	39	1.74654	-1.38804	
103	39	1.83083	-1.35686	
119	39	2.001	-1.28079	
135	39	2.00911	-1.13867	
151	39	2.24715	-1.06669	
167	39	2.34096	-1.0322	
183	39	2.44995	-0.794925	
199	39	2.65619	-0.722102	
215	39	2.63318	-0.505461	
231	39	2.70251	-0.325804	
247	39	2.80032	-0.140473	
263	39	2.72062	0.00796323	
279	39	2.82183	0.247426	
295	39	2.7298	0.513543	
311	39	2.70221	0.0968353	
327	39	2.43203	0.744602	
343	39	2.36247	0.976166	
359	39	2.20814	1.14197	
375	39	2.10483	1.16367	
391	39	1.71099	1.24537	
407	39	1.85954	1.25255	
423	39	1.74865	1.32855	
439	39	1.83529	1.53581	
455	39	1.5237	1.28017	
471	39	1.25725	1.34904	
487	39	1.30691	1.31443	
503	39	1.65001	1.38457	
7	55	1.16797	-1.36436	
23	55	1.25792	-1.46988	
39	55	1.24634	-1.45142	
55	55	1.51559	-1.60938	
71	55	1.5678	-1.50025	
87	55	1.75684	-1.55809	
103	55	1.83838	-1.45103	
119	55	2.06593	-1.33668	
135	55	2.12628	-1.31823	
151	55	2.34581	-1.24044	
167	55	2.46592	-1.12823	
183	55	2.62856	-1.0285	
199	55	2.84837	-0.767597	
215	55	2.81293	-0.479219	
231	55	2.97153	-0.35421	
247	55	2.99247	-0.10202	
263	55	2.90944	0.10933	
279	55	2.84875	0.282865	
295	55	2.90039	0.643112	
311	55	2.85555	0.734683	
327	55	2.64811	0.963488	
343	55	2.44237	1.0676	
359	55	2.25545	1.2462	
375	55	2.2328	1.32342	
391	55	1.83462	1.34122	
407	55	1.91791	1.4243	
423	55	1.79294	1.54755	
439	55	1.68871	1.26108	
455	55	1.59618	1.5679	
471	55	1.40736	1.45814	
487	55	1.22037	1.47557	
503	55	1.12478	1.43964	
7	71	1.14222	-1.63603	
23	71	1.23239	-1.4717	
39	71	1.51406	-1.67485	
55	71	1.56853	-1.76721	
71	71	1.58678	-1.59823	
87	71	-7.32078	-3.85274	
103	71	2.06719	-1.63218	
119	71	2.13079	-1.54153	
135	71	2.31159	-1.47686	
151	71	2.45644	-1.43669	
167	71	2.7724	-1.23138	
183	71	2.85198	-1.21705	
199	71	2.99253	-0.93387	
215	71	3.00771	-0.688156	
231	71	3.17747	-0.430024	
247	71	3.29047	-0.250202	
263	71	3.26313	0.169577	
279	71	3.22002	0.305946	
295	71	3.10676	0.590774	
311	71	2.99755	0.886107	
327	71	2.6969	1.09557	
343	71	2.48572	1.32683	
359	71	2.43981	1.33583	
375	71	2.18156	1.4622	
391	71	2.19821	1.60886	
407	71	2.01396	1.61377	
423	71	1.73779	1.61897	
439	71	1.69026	1.51549	
455	71	1.46343	1.60621	
471	71	1.39117	1.67785	
487	71	1.27839	1.59251	
503	71	1.11853	1.5495	
7	87	1.01186	-1.52111	
23	87	1.22967	-1.71659	
39	87	1.27079	-1.76069	
55	87	1.48832	-1.7874	
71	87	1.59922	-1.79924	
87	87	1.84253	-1.8822	
103	87	1.95436	-1.79734	
119	87	2.1205	-1.75047	
135	87	2.35304	-1.76144	
151	87	2.76446	-1.70045	
167	87	2.83265	-1.50279	
183	87	2.9755	-1.34029	
199	87	3.21821	-0.954958	
215	87	3.1556	-1.01163	
231	87	3.52097	-0.454629	
247	87	3.62301	-0.129483	
263	87	-2.19555	-6.18162	
279	87	3.50978	0.431406	
295	87	3.4689	0.795103	
311	87	3.13494	0.990216	
327	87	3.06853	1.24835	
343	87	2.83143	1.42306	
359	87	2.5881	1.52708	
375	87	2.45914	1.60373	
391	87	2.14233	1.6829	
407	87	2.08628	1.8314	
423	87	1.78168	1.7819	
439	87	1.50901	1.77079	
455	87	1.57474	1.79234	
471	87	1.46026	1.63637	
487	87	1.2332	1.69178	
503	87	1.02259	1.70395	
7	103	1.1276	-1.81741	
23	103	1.18947	-1.81241	
39	103	-6.5997	-6.48501	
55	103	1.46105	-2.13687	
71	103	1.61733	-1.87553	
87	103	1.74836	-2.01413	
103	103	2.17066	-2.35936	
119	103	2.16738	-2.02267	
135	103	2.41569	-2.00767	
151	103	2.70424	-1.85192	
167	103	2.89263	-1.81214	
183	103	3.23976	-1.44917	
199	103	3.33875	-1.34474	
215	103	3.81554	-0.892005	
231	103	3.92797	-0.688871	
247	103	3.90155	-0.274592	
263	103	4.00616	0.191423	
279	103	3.86393	0.646414	
295	103	3.58557	1.07159	
311	103	-5.92907	-6.95551	
327	103	3.27504	1.54865	
343	103	2.87026	1.75911	
359	103	2.67542	1.75609	
375	103	2.35384	1.87963	
391	103	2.14572	1.94182	
407	103	1.97455	1.96776	
423	103	1.74833	1.94451	
439	103	1.692	1.92413	
455	103	1.57204	1.93753	
471	103	1.37921	1.83464	
487	103	1.17699	1.80901	
503	103	0.725935	1.7948	
7	119	1.05104	-1.86942	
23	119	1.08817	-1.90111	
39	119	1.18581	-1.99467	
55	119	1.32253	-2.08998	
71	119	1.60856	-2.08793	
87	119	1.6983	-2.20051	
103	119	1.93317	-2.19469	
135	119	2.44952	-1.7157	
151	119	2.60826	-2.09645	
167	119	3.0852	-2.11172	
183	119	3.39454	-1.87664	
199	119	3.57834	-1.57296	
215	119	4.03501	-1.29318	
231	119	4.07807	-0.793264	
247	119	4.32497	-0.35914	
263	119	4.20615	0.244041	
279	119	4.14203	0.778676	
295	119	3.86927	1.17308	
311	119	3.75612	1.50836	
327	119	3.52962	1.74138	
343	119	3.13317	1.93778	
359	119	2.72675	2.12354	
375	119	2.62731	2.15195	
391	119	2.20384	2.23404	
407	119	2.00527	2.28559	
423	119	1.82171	2.13643	
439	119	1.54148	1.79865	
455	119	0.909188	1.49009	
471	119	1.22703	1.9725	
487	119	1.0644	1.9252	
503	119	1.04811	1.93497	
7	135	0.947292	-1.99181	
23	135	1.07576	-2.03218	
39	135	1.11584	-2.15801	
55	135	0.972321	-2.24921	
71	135	1.49946	-2.2637	
87	135	1.61753	-2.43456	
103	135	1.88067	-2.41999	
119	135	2.08495	-2.48175	
135	135	2.49237	-2.39929	
151	135	2.81482	-2.67117	
167	135	2.8674	-2.61625	
183	135	3.62256	-2.16646	
199	135	3.80474	-2.07437	
215	135	4.21353	-1.58568	
231	135	4.65621	-1.08448	
247	135	4.63523	-0.461185	
263	135	4.81603	0.271987	
279	135	4.67674	0.872976	
295	135	3.97631	1.53759	
311	135	3.9858	1.86604	
327	135	3.75433	2.21734	
343	135	3.27808	2.37525	
359	135	2.91797	2.58974	
375	135	2.4006	2.46995	
391	135	2.17981	2.55019	
407	135	1.74864	2.4077	
423	135	1.59464	2.4046	
439	135	1.57452	2.32753	
455	135	1.22555	2.14106	
471	135	1.17064	2.07754	
487	135	1.09225	2.04606	
503	135	0.96475	1.97031	
7	151	0.88167	-2.04703	
23	151	0.955576	-2.17073	
39	151	1.14624	-2.26891	
55	151	1.18848	-2.3395	
71	151	1.33012	-2.43082	
87	151	1.60685	-2.67217	
103	151	1.8335	-2.79328	
119	151	2.13234	-2.7531	
135	151	2.34328	-2.94598	
151	151	3.25898	-3.22085	
167	151	3.21956	-2.8065	
183	151	3.58961	-2.44706	
199	151	4.28011	-2.43393	
215	151	4.56311	-1.94602	
231	151	4.87419	-0.951769	
247	151	4.99879	-0.64016	
263	151	5.11333	0.292305	
279	151	5.04381	0.878049	
295	151	4.63845	1.62915	
311	151	4.24293	2.26184	
327	151	3.61611	2.53203	
343	151	3.26193	2.69144	
359	151	2.84416	2.80613	
375	151	2.49053	2.76112	
391	151	2.13801	2.73148	
407	151	1.88449	2.71777	
423	151	1.6354	2.54815	
439	151	1.39893	2.43157	
455	151	1.15162	2.27443	
471	151	1.13063	2.30261	
487	151	0.980025	2.0402	
503	151	0.88237	2.02385	
7	167	0.782591	-2.18663	
23	167	0.871664	-2.12558	
55	167	1.16229	-2.53112	
71	167	1.17876	-2.76554	
87	167	1.34535	-2.89762	
103	167	1.61918	-3.05903	
119	167	2.06554	-3.12054	
135	167	2.35944	-3.39983	
151	167	2.80691	-3.25347	
167	167	2.99346	-3.44446	
183	167	3.48361	-3.26272	
199	167	4.19121	-2.84649	
215	167	4.69485	-2.26786	
231	167	5.09084	-1.68494	
247	167	5.20868	-0.618715	
263	167	5.49339	0.227807	
279	167	5.23965	1.10309	
295	167	4.86682	2.05031	
311	167	4.3177	2.77978	
327	167	3.83606	3.00656	
343	167	3.02346	3.23502	
359	167	2.77982	3.26074	
375	167	2.23175	3.23349	
391	167	2.01986	3.04313	
407	167	1.73815	2.98112	
423	167	-1.64015	-4.86215	
439	167	1.2277	2.58932	
455	167	1.1523	2.4692	
471	167	1.00325	2.35984	
487	167	0.789266	2.25495	
503	167	0.75224	2.15331	
7	183	0.67306	-2.19735	
23	183	0.770087	-2.40625	
39	183	0.814546	-2.47268	
55	183	0.985876	-2.65584	
71	183	1.04376	-2.86543	
87	183	1.27459	-3.01029	
103	183	1.39433	-3.39045	
119	183	1.86402	-3.53051	
135	183	2.03532	-3.75733	
151	183	2.61806	-3.84403	
167	183	3.13931	-3.82709	
183	183	3.52128	-3.67834	
199	183	4.09077	-3.57896	
215	183	4.55296	-2.8299	
231	183	5.01931	-1.81529	
247	183	5.32929	-0.937629	
263	183	5.30938	0.461404	
279	183	5.13831	1.72846	
295	183	4.60874	2.23083	
311	183	3.87147	3.2076	
327	183	3.63296	3.58114	
343	183	3.00978	3.71469	
359	183	2.39174	4.01683	
375	183	1.99882	3.45033	
391	183	1.83586	3.2901	
407	183	1.62518	3.18022	
423	183	1.3193	3.22906	
439	183	1.08684	2.73939	
455	183	-7.04425	-5.14811	
471	183	0.852523	2.50954	
487	183	0.735438	2.36164	
503	183	0.72127	2.17346	
7	199	0.503479	-2.21251	
23	199	0.789755	-2.54468	
39	199	0.70911	-2.56204	
55	199	0.802482	-2.93491	
71	199	0.860141	-3.11426	
87	199	0.992156	-3.28543	
103	199	1.23084	-3.34223	
119	199	1.32391	-3.88747	
135	199	1.73882	-4.10949	
151	199	2.13332	-4.22441	
167	199	2.76294	-4.23417	
183	199	3.31211	-4.39384	
199	199	3.59909	-4.02476	
215	199	4.31635	-3.08407	
231	199	4.82814	-1.98506	
247	199	4.93819	-0.755696	
263	199	4.90295	0.361823	
279	199	4.80236	1.88919	
295	199	4.07016	3.0403	
311	199	4.11912	3.84863	
327	199	3.35766	4.17042	
343	199	2.66025	4.28729	
359	199	2.33253	4.1591	
375	199	1.98879	3.96598	
391	199	1.59226	3.71638	
407	199	1.208	3.51749	
423	199	1.07674	3.13886	
439	199	0.901923	3.03627	
455	199	0.74555	2.74296	
471	199	0.697059	2.64029	
487	199	0.592724	2.37433	
503	199	0.486368	2.28142	
7	215	0.339676	-2.33389	
23	215	0.423598	-2.4155	
39	215	0.461843	-2.75354	
55	215	0.498239	-2.83772	
71	215	0.687801	-3.07778	
87	215	0.719071	-3.36317	
103	215	0.949064	-3.66586	
119	215	1.09113	-4.14702	
135	215	1.43744	-4.40748	
151	215	1.63621	-4.61789	
167	215	1.99484	-4.83908	
183	215	2.69076	-4.57601	
199	215	2.85405	-4.48058	
215	215	3.3501	-3.73437	
231	215	3.94459	-2.61384	
247	215	4.11274	-1.12651	
263	215	4.233	0.214106	
279	215	3.85175	2.27028	
295	215	4.10702	3.48499	
311	215	3.34471	4.12787	
327	215	2.94936	4.64533	
343	215	2.12822	4.77474	
359	215	1.82242	4.52234	
375	215	3.87967	-6.94082	
391	215	1.18801	3.6701	
407	215	1.0549	3.47915	
423	215	0.84657	3.39113	
439	215	1.32869	3.00298	
455	215	0.571085	2.81195	
471	215	0.63076	2.86906	
487	215	0.325614	2.60145	
503	215	0.348085	2.33047	
7	231	0.224142	-2.3964	
23	231	0.294388	-2.54011	
39	231	0.247489	-2.74736	
55	231	0.380216	-3.0276	
71	231	0.394419	-3.22113	
87	231	0.408444	-3.56231	
103	231	0.512586	-3.76773	
119	231	0.792005	-4.10733	
135	231	0.693626	-4.68074	
151	231	1.07197	-4.94606	
167	231	1.15853	-5.24514	
183	231	1.56738	-4.90904	
199	231	1.64094	-5.32623	
215	231	1.82336	-4.25664	
231	231	2.15483	-2.43141	
247	231	2.13944	-1.3286	
263	231	2.81107	0.596709	
279	231	2.25773	2.44787	
295	231	2.56873	3.4642	
311	231	1.90518	4.75015	
327	231	1.86534	5.05092	
343	231	1.46433	5.04176	
359	231	1.20602	4.91308	
375	231	0.717387	4.33417	
391	231	0.844883	4.18372	
407	231	0.666904	3.74877	
423	231	0.355134	3.42817	
439	231	0.332187	3.1011	
455	231	0.270657	2.88584	
471	231	0.28435	2.83552	
487	231	0.246633	2.55399	
503	231	0.215096	2.35858	
7	247	0.0252668	-2.49746	
23	247	0.117129	-2.51648	
39	247	0.0987516	-2.80305	
55	247	0.065295	-2.97729	
71	247	0.0539672	-3.41229	
87	247	0.108992	-3.45678	
103	247	0.0124924	-3.97321	
119	247	0.154945	-4.26819	
135	247	0.267273	-4.75065	
151	247	0.309546	-5.0424	
167	247	0.245411	-5.31178	
183	247	0.410908	-5.23639	
199	247	0.363257	-4.553	
215	247	0.562257	-3.88308	
231	247	0.406424	-2.8698	
247	247	0.898593	-0.441876	
263	247	0.660636	1.39783	
279	247	1.51167	3.11718	
295	247	0.859988	3.93086	
311	247	0.98791	4.91163	
327	247	1.24317	5.38907	
343	247	0.581201	5.35733	
359	247	0.291962	5.02713	
375	247	4.31197	1.45113	
391	247	0.352687	4.26079	
407	247	0.139912	3.90966	
423	247	0.188744	3.56694	
439	247	0.188598	3.27453	
455	247	0.133334	2.9852	
471	247	0.111498	2.8115	
487	247	0.0280467	2.58009	
503	247	0.0888109	2.44574	
7	263	-0.128872	-2.43214	
23	263	-0.0816567	-2.49921	
39	263	-0.113484	-2.74505	
55	263	-0.105785	-3.03291	
71	263	-0.111267	-3.50043	
87	263	-0.263603	-3.6452	
103	263	-0.325696	-3.98814	
119	263	-0.344222	-4.32182	
135	263	-0.480006	-4.64107	
151	263	-0.416848	-5.07997	
167	263	-0.78006	-5.31937	
183	263	-0.897596	-5.23904	
199	263	-0.711147	-5.17513	
215	263	-0.971634	-3.98402	
231	263	-6.08091	5.91267	
247	263	-6.9615	-6.99809	
263	263	-0.47442	0.954438	
279	263	-1.4434	2.51217	
295	263	-1.07042	4.56076	
311	263	-0.511631	4.96505	
327	263	-0.599878	5.35165	
343	263	-0.450654	5.25421	
359	263	-0.460754	5.09695	
375	263	-0.181491	4.69833	
391	263	-0.127786	4.14075	
407	263	-0.0905218	3.99876	
423	263	-0.142578	3.66175	
439	263	-0.0629134	3.16908	
455	263	-0.206827	3.16371	
471	263	-0.21487	2.74839	
487	263	-0.131386	2.51863	
503	263	-0.0388056	2.40155	
7	279	-0.259957	-2.28691	
23	279	-0.226034	-2.47667	
39	279	-0.286217	-2.7692	
55	279	-0.309622	-3.00384	
71	279	-0.651599	-3.26167	
87	279	-0.778433	-3.66089	
103	279	-0.810957	-4.01806	
119	279	-0.942404	-4.17497	
135	279	-1.1168	-4.58153	
151	279	-1.33915	-4.8473	
167	279	-1.45573	-5.09805	
183	279	-2.14306	-5.00785	
199	279	-2.59441	-4.50514	
215	279	-2.51726	-3.51139	
231	279	-3.04711	-2.26144	
247	279	-2.85759	-0.318697	
263	279	-2.61125	0.783018	
279	279	-2.59866	2.67569	
295	279	-1.95011	4.1372	
311	279	-6.90672	-5.03783	
327	279	-1.46677	5.08778	
343	279	-1.36437	5.1861	
359	279	-1.00236	4.85774	
375	279	-1.09173	4.32722	
391	279	-0.627194	4.19621	
407	279	-0.544759	3.82599	
423	279	-0.491358	3.46242	
439	279	-0.415259	3.3384	
455	279	-0.407062	3.00495	
471	279	-0.252673	2.82347	
487	279	-0.252042	2.58087	
503	279	-0.192877	2.39412	
7	295	-0.40389	-2.35284	
23	295	-0.32885	-2.72917	
39	295	-0.510171	-2.70442	
55	295	-0.503505	-2.9381	
71	295	-0.794485	-3.1491	
87	295	-0.833557	-3.34155	
103	295	-0.951937	-3.67243	
119	295	-1.23833	-3.98118	
135	295	-1.62992	-4.24636	
151	295	-1.80668	-4.56502	
167	295	-2.4197	-4.56856	
183	295	-2.73475	-4.55028	
199	295	-3.36189	-4.23234	
215	295	-3.36059	-3.83045	
231	295	-3.78347	-2.35524	
247	295	-4.09682	-0.796088	
263	295	-4.1221	0.84579	
279	295	-4.06454	2.84108	
295	295	-3.4335	3.6066	
311	295	-3.16741	4.31959	
327	295	-2.32235	4.7873	
343	295	-2.0673	4.78653	
359	295	-3.76247	-3.03311	
375	295	-1.16041	4.42583	
391	295	-1.07071	4.16697	
407	295	-0.954108	3.79308	
423	295	-0.786188	3.52777	
439	295	-0.666009	3.13797	
455	295	-0.459113	2.8639	
471	295	-0.439514	2.69571	
487	295	-0.521902	2.31514	
503	295	-0.320613	2.38098	
7	311	-0.560033	-2.28569	
23	311	-0.598655	-2.41905	
39	311	-0.774392	-2.66817	
55	311	-0.92256	-2.8545	
71	311	-0.937299	-2.98548	
87	311	-1.1299	-3.18458	
103	311	-1.33964	-3.41974	
119	311	-1.60027	-3.68997	
135	311	-2.05569	-3.91987	
151	311	-2.48127	-4.23158	
167	311	-2.97139	-4.19771	
183	311	-3.44171	-4.11536	
199	311	-3.9942	-3.58789	
215	311	-4.23304	-3.09219	
231	311	-4.71068	-1.99202	
247	311	-4.96533	-0.314531	
263	311	-5.16989	1.27301	
279	311	-4.95904	2.30763	
295	311	-4.39572	3.03491	
311	311	-3.80346	3.90182	
327	311	-3.21601	4.25801	
343	311	-2.6746	4.28063	
359	311	-2.30566	4.36555	
375	311	-1.89365	3.9711	
391	311	-1.4239	3.7052	
407	311	-1.33863	3.36758	
423	311	-0.961042	3.12307	
439	311	-0.791995	2.95555	
455	311	-0.786649	2.73984	
471	311	-0.762115	2.67584	
487	311	-0.601233	2.50757	
503	311	-0.470772	2.22061	
7	327	-0.709353	-2.19857	
23	327	-0.860463	-2.4206	
39	327	-0.949521	-2.53598	
55	327	-0.933308	-2.64437	
71	327	-1.26909	-3.01331	
87	327	-1.26392	-2.85366	
103	327	-1.53618	-3.16223	
119	327	-1.95571	-3.46168	
135	327	-2.25798	-3.56589	
151	327	-2.71046	-3.70411	
167	327	-2.72562	-3.74704	
183	327	-3.70155	-3.48899	
199	327	-4.41706	-3.07848	
215	327	-4.81635	-2.51913	
231	327	-5.33494	-1.35887	
247	327	-5.50497	-0.64228	
263	327	-5.34625	0.92306	
279	327	-4.92707	2.07805	
295	327	-4.42059	3.00801	
311	327	-4.22408	3.28056	
327	327	-3.42188	3.75841	
343	327	-3.12893	3.86067	
359	327	-2.42693	3.83756	
375	327	-2.11223	3.66701	
391	327	-1.767	3.32462	
407	327	-1.31054	3.04697	
423	327	-1.2551	3.0358	
439	327	-0.994423	2.85545	
455	327	-1.03087	2.60634	
471	327	-0.784387	2.54789	
487	327	-0.719221	2.33132	
503	327	-0.696468	2.18739	
7	343	-0.75946	-2.18874	
23	343	-0.968206	-2.27278	
39	343	-1.05946	-2.40983	
55	343	-1.17335	-2.53712	
71	343	-1.33216	-2.6517	
87	343	-1.50234	-2.67197	
103	343	-1.8126	-2.823	
119	343	-2.11094	-3.14526	
135	343	-2.36991	-3.08766	
151	343	-2.79564	-3.27973	
167	343	-3.29171	-3.08574	
183	343	-3.81007	-2.99955	
199	343	-4.31325	-2.5429	
215	343	-4.86736	-1.68051	
231	343	-5.15199	-1.01777	
247	343	-5.393	-0.154005	
263	343	-5.36186	0.671104	
279	343	-5.10936	1.48882	
295	343	-4.7195	2.29835	
311	343	-4.21731	2.7703	
327	343	-3.52227	3.20998	
343	343	-3.18082	3.15952	
359	343	-2.83272	3.22626	
375	343	-2.30659	3.1875	
391	343	-1.85545	3.09054	
407	343	-1.68143	2.94218	
423	343	-1.41097	2.71717	
439	343	-1.21086	2.59986	
455	343	-1.08895	2.50978	
471	343	-0.9219	2.29722	
487	343	-0.878062	2.28382	
503	343	-0.752359	2.18323	
7	359	-0.886739	-2.03437	
23	359	-0.976389	-2.18245	
39	359	-1.18374	-2.28269	
55	359	-1.17956	-2.26619	
71	359	-1.44759	-2.5792	
87	359	-1.65231	-2.54798	
103	359	-1.9394	-2.6671	
119	359	-2.12854	-2.73705	
135	359	-2.49096	-2.84108	
151	359	-2.92011	-2.78665	
167	359	-3.25307	-2.70793	
183	359	-3.92754	-2.59987	
199	359	-4.21225	-2.05965	
215	359	-4.75251	-1.5773	
231	359	-5.26543	-0.750405	
247	359	-5.1598	-0.198394	
263	359	-5.20611	0.493981	
279	359	-4.65929	1.3543	
295	359	-4.64541	1.94761	
311	359	-4.06242	2.47317	
327	359	-3.52889	2.59327	
343	359	-3.13347	2.74314	
359	359	-2.62038	2.81974	
375	359	-2.44098	2.84517	
391	359	-2.10952	2.70597	
407	359	-1.82682	2.75257	
423	359	-1.53431	2.44366	
439	359	7.31219	7.40526	
455	359	-1.11892	2.39593	
471	359	-1.0782	2.20351	
487	359	-1.02362	2.09386	
503	359	-0.824118	2.0693	
7	375	-1.03608	-1.95971	
23	375	-1.06509	-2.04483	
39	375	-1.19367	-2.06074	
55	375	-1.30252	-2.33663	
71	375	-1.60711	-2.2579	
87	375	-1.73274	-2.36237	
103	375	-1.95628	-2.35752	
119	375	-1.71489	-2.38516	
135	375	-2.5356	-2.4215	
151	375	-2.83148	-2.55637	
167	375	-3.32974	-2.41224	
183	375	-3.62059	-2.03271	
199	375	-4.01104	-1.86135	
215	375	-4.27289	-1.30524	
231	375	-4.58085	-1.00944	
247	375	-4.69516	-0.228129	
263	375	-4.80117	0.30015	
279	375	-4.49476	1.08588	
295	375	-4.35629	1.73649	
311	375	-3.95635	2.01317	
327	375	-3.46941	2.10998	
343	375	-3.16117	2.3484	
359	375	-2.68363	2.38944	
375	375	-2.41333	2.47871	
391	375	-2.14668	2.63816	
407	375	-1.95784	2.40377	
423	375	5.15616	-5.00522	
439	375	-1.40199	2.531	
455	375	-1.24665	2.1609	
471	375	-1.18019	2.12395	
487	375	-1.10681	1.96845	
503	375	-0.951578	1.94906	
7	391	-1.03858	-1.80934	
23	391	-1.06264	-1.96752	
39	391	-1.31293	-2.01563	
55	391	-1.36508	-2.08105	
71	391	-1.42854	-1.94586	
87	391	-1.83211	-2.08175	
103	391	-1.90784	-2.17859	
119	391	-2.15805	-2.10637	
135	391	-2.41089	-2.12723	
151	391	-2.71489	-2.05581	
167	391	-3.14359	-1.92284	
183	391	-3.55567	-1.9532	
199	391	-3.64937	-1.43904	
215	391	-4.0298	-1.04866	
231	391	-4.23255	-0.663862	
247	391	-4.3306	-0.0128378	
263	391	-4.27096	0.273654	
279	391	-4.10029	0.803735	
295	391	-4.18253	1.32311	
311	391	-3.72049	1.506	
327	391	-3.15215	1.99733	
343	391	-2.78776	2.04914	
359	391	-2.68925	2.08519	
375	391	-2.31329	2.21526	
391	391	-2.21412	2.21388	
407	391	-1.97237	2.20127	
423	391	-1.63182	2.22587	
439	391	-1.48036	2.10912	
455	391	-1.37087	2.02651	
471	391	-1.14055	2.0067	
487	391	-1.05729	1.99081	
503	391	-1.03269	1.84934	
7	407	-1.44456	-1.31764	
23	407	-1.21053	-1.86108	
39	407	-1.38738	-1.67463	
55	407	-1.54425	-2.02079	
71	407	-1.60827	-2.15865	
87	407	-1.81532	-2.00172	
103	407	-2.14113	-1.88597	
119	407	-2.20202	-1.97044	
135	407	-2.35828	-1.96848	
151	407	-2.62867	-1.70775	
167	407	-2.95176	-1.56398	
183	407	-3.28027	-1.53134	
199	407	-3.34495	-1.35338	
215	407	-3.71704	-0.929579	
231	407	-3.86452	-0.473154	
247	407	-3.85769	-0.0843415	
263	407	-3.90589	0.248015	
279	407	-3.82816	0.683652	
295	407	-3.55493	1.04665	
311	407	-3.37032	1.45897	
327	407	-3.25048	1.50159	
343	407	-2.8137	1.73686	
359	407	-2.73812	1.94335	
375	407	-2.41673	1.996	
391	407	-2.10397	1.97634	
407	407	-2.00612	1.97258	
423	407	-1.73876	1.94176	
439	407	-1.62257	1.91315	
455	407	-1.51333	1.87175	
471	407	-1.36141	1.96773	
487	407	-1.18678	1.78281	
503	407	-1.13438	1.71795	
7	423	-1.14872	-1.60613	
23	423	-1.24215	-1.64687	
39	423	-1.29576	-1.79701	
55	423	-1.58104	-1.89907	
71	423	-1.71424	-1.76823	
87	423	-1.71743	-1.71631	
103	423	-2.02831	-1.71613	
119	423	-2.12812	-1.69661	
135	423	-2.30477	-1.74163	
151	423	-2.65668	-1.45303	
167	423	-2.78657	-1.40624	
183	423	-3.10327	-1.3498	
199	423	-3.18803	-1.08792	
215	423	-3.519	-0.850792	
231	423	-3.52263	-0.413101	
247	423	-3.52291	-0.194686	
263	423	-3.64542	0.175834	
279	423	-3.38751	0.642247	
295	423	-3.32085	0.877531	
311	423	-3.22775	1.10204	
327	423	-3.01777	1.24069	
343	423	-2.8802	1.50997	
359	423	-2.62175	1.5402	
375	423	-2.37342	1.64744	
391	423	-2.09041	1.70281	
407	423	-1.9307	1.79832	
423	423	-1.82459	1.69261	
439	423	-1.67892	1.72661	
455	423	-1.4807	1.76997	
471	423	-1.4595	1.71597	
487	423	-1.15642	1.60032	
503	423	-1.13509	1.64469	
7	439	-1.18676	-1.61712	
23	439	-1.26376	-1.62989	
39	439	-1.32071	-1.47743	
55	439	-1.64446	-1.67334	
71	439	-1.56454	-1.59017	
87	439	-1.86882	-1.60978	
103	439	-1.95897	-1.61398	
119	439	-2.09597	-1.39982	
135	439	-2.24044	-1.56162	
151	439	-2.39461	-1.36514	
167	439	-2.47077	-1.07709	
183	439	-2.90717	-0.983167	
199	439	-2.66946	-0.924594	
215	439	-6.61773	-5.03547	
231	439	-3.18437	-0.450858	
247	439	-3.20173	-0.148835	
263	439	-3.25188	0.200297	
279	439	-3.09645	0.433955	
295	439	-3.12548	0.714811	
311	439	-2.97298	0.99084	
327	439	-2.87449	1.13121	
343	439	-2.65455	1.27817	
359	439	-2.35738	1.57052	
375	439	-2.19399	1.65122	
391	439	-2.1252	1.60396	
407	439	-2.01639	1.61386	
423	439	-1.70733	1.55147	
439	439	-1.61745	1.67585	
455	439	-1.50777	1.63834	
471	439	-1.45316	1.59709	
487	439	-1.22269	1.61048	
503	439	-1.15038	1.6901	
7	455	-1.22476	-1.38012	
23	455	-1.28542	-1.47905	
39	455	-1.38651	-1.5466	
55	455	-1.40706	-1.61899	
71	455	-1.83143	-1.5759	
87	455	-1.79274	-1.4339	
103	455	-1.95389	-1.32248	
119	455	-2.05041	-1.34699	
135	455	-2.17744	-1.45638	
151	455	-2.33964	-1.21488	
167	455	-2.43473	-1.07295	
183	455	-2.66156	-0.948237	
199	455	-2.7911	-0.745771	
215	455	-3.00913	-0.693859	
231	455	-2.92475	-0.235521	
247	455	-3.00238	-0.016644	
263	455	-2.96067	0.106614	
279	455	-2.75924	0.363465	
295	455	-2.9539	0.479395	
311	455	-2.78381	0.806596	
327	455	-2.57208	0.964958	
343	455	-2.33151	0.983395	
359	455	-2.39327	1.18341	
375	455	-2.11419	1.43441	
391	455	-2.05565	1.4457	
407	455	-1.92343	1.71827	
423	455	-1.83164	1.5393	
439	455	-1.66685	1.4527	
455	455	-1.55442	1.57269	
471	455	-1.39533	1.49077	
487	455	-1.26253	1.46187	
503	455	-1.17274	1.42673	
7	471	-1.21823	-1.36641	
23	471	-1.37976	-1.3212	
39	471	-1.41479	-1.3188	
55	471	-1.58314	-1.60148	
71	471	-1.66456	-1.40964	
87	471	-1.73585	-1.36481	
103	471	-1.83737	-1.3874	
119	471	-1.97751	-1.29202	
135	471	-2.13727	-1.16938	
151	471	-2.25839	-1.12935	
167	471	-2.39497	-0.89439	
183	471	-2.40959	-0.807182	
199	471	-2.58954	-0.641757	
215	471	-2.72071	-0.412105	
231	471	-2.77086	-0.203806	
247	471	-2.89848	-0.145508	
263	471	-2.78132	0.120678	
279	471	-2.70472	0.356843	
295	471	-2.57597	0.491	
311	471	6.12513	-1.7785	
327	471	-2.53882	0.836966	
343	471	-2.25512	0.99324	
359	471	-2.19658	1.07648	
375	471	-2.16556	1.1649	
391	471	-2.00864	1.24351	
407	471	-1.86987	1.23539	
423	471	-1.74214	1.3125	
439	471	-1.58859	1.38733	
455	471	-1.51778	1.29712	
471	471	-1.27092	1.3771	
487	471	-1.28941	1.38594	
503	471	-1.23974	1.32269	
7	487	-1.16241	-1.27642	
23	487	-1.29208	-1.19787	
39	487	-1.40824	-1.37998	
55	487	-1.54148	-1.28555	
71	487	-1.55621	-1.28456	
87	487	-1.64544	-1.15724	
103	487	-1.94031	-1.20257	
119	487	-1.80572	-1.10713	
135	487	-2.02311	-1.07089	
151	487	-2.20345	-0.961162	
167	487	-2.1549	-0.857574	
183	487	-2.37135	-0.718631	
199	487	-2.53069	-0.588362	
215	487	-2.59887	-0.454447	
231	487	-2.56484	-0.237982	
247	487	-2.51835	-0.0986793	
263	487	-2.61137	0.0728565	
279	487	-2.58342	0.240629	
295	487	-7.15665	-5.94369	
311	487	-2.38936	0.536214	
327	487	-2.35012	0.599962	
343	487	-2.1957	0.873633	
359	487	-2.05553	0.975338	
375	487	-2.03577	0.999351	
391	487	-1.92417	1.18087	
407	487	-1.77698	1.15625	
423	487	-1.70854	1.05867	
439	487	-1.61921	1.27768	
455	487	-1.42059	1.32084	
471	487	-1.23805	1.2509	
487	487	-1.28709	1.27867	
503	487	-1.15472	1.31769	
7	503	-1.22296	-1.18233	
23	503	-1.30957	-1.0997	
39	503	-1.31474	-1.28254	
55	503	-1.46409	-1.24921	
71	503	-1.61841	-1.15084	
87	503	-1.56325	-1.11122	
103	503	-1.79887	-1.07767	
119	503	-1.80748	-0.98623	
135	503	-1.94623	-0.970133	
151	503	-2.09185	-0.872595	
167	503	-2.12704	-0.805879	
183	503	-2.23616	-0.679156	
199	503	-2.26621	-0.578936	
215	503	-2.43573	-0.420395	
231	503	-2.38649	-0.279715	
247	503	-2.48231	-0.0284756	
263	503	-2.40117	0.0613105	
279	503	-2.3402	0.235541	
295	503	-2.30017	0.354814	
311	503	0.883043	-7.32307	
327	503	-2.26827	0.651852	
343	503	-2.19332	0.808705	
359	503	-2.0431	0.878748	
375	503	-1.973	0.885119	
391	503	-1.93294	1.07943	
407	503	-1.74432	1.09466	
423	503	-1.64659	0.905749	
439	503	-1.63323	1.19892	
455	503	-1.49133	1.16978	
471	503	-1.36173	1.21581	
487	503	-1.20624	1.2072	
503	503	-1.31308	1.25461	
