Max: 0.978093
0.978093
0.978093
0.272562	-0.0895795	-0.171835	-0.0717344	-0.0396854	-0.116609	-0.13746	-0.104398	-0.0488826	-0.0122625	-0.0281134	-0.0983105	-0.140662	-0.200723	-0.19525	-0.204659	-0.195284	
0.282469	-0.0855255	-0.135186	-0.012633	0.0208565	-0.0658852	-0.128299	-0.103119	0.00855013	0.162327	0.193609	0.000727841	-0.131934	-0.171874	-0.163182	-0.165234	-0.137919	
0.0759778	-0.124767	-0.0923668	0.0626102	0.101807	0.00535884	-0.0746998	-0.0544926	0.0686234	0.248815	0.285097	0.0358919	-0.126285	-0.152047	-0.134525	-0.133959	-0.125351	
-0.125559	-0.150772	-0.0506353	0.0792395	0.0773107	0.0137571	0.000122217	0.0199046	0.0980471	0.25082	0.297758	0.0278975	-0.122266	-0.0896135	-0.030176	-0.0151382	-0.0601823	
-0.157274	-0.0800483	0.118724	0.238041	0.144869	0.0368499	0.0356821	0.0628491	0.128325	0.245019	0.258487	0.00286443	-0.100871	0.0106264	0.12614	0.167781	0.05814	
-0.124553	0.0470138	0.390493	0.527231	0.302788	0.0498197	-0.0239337	0.0167244	0.103193	0.15775	0.0969187	-0.0618255	-0.0766237	0.0652907	0.171624	0.20972	0.0961482	
-0.110186	0.0724041	0.419594	0.520143	0.260166	-0.00246658	-0.0856412	-0.0524938	0.0109896	0.0173481	-0.0505392	-0.081633	0.0322253	0.200923	0.21601	0.171424	0.0433353	
-0.122861	-0.0429486	0.120874	0.163851	0.0454927	-0.058587	-0.0791994	-0.0495021	0.00348325	-0.00750294	-0.070073	-0.00474863	0.325806	0.626958	0.494266	0.277928	0.0360128	
-0.130466	-0.120186	-0.073206	-0.0597868	-0.0777689	-0.0775165	-0.063608	-0.0464726	-0.00898342	-0.00913914	-0.0383024	0.0837579	0.576372	0.978093	0.711445	0.353419	0.0213356	
-0.128177	-0.136413	-0.117781	-0.111858	-0.108236	-0.0889992	-0.074908	-0.0626622	-0.0248697	-0.00114566	-0.0108292	0.0858941	0.462706	0.73784	0.479425	0.169999	-0.0963541	
-0.12551	-0.138234	-0.130392	-0.121435	-0.107769	-0.0916153	-0.0899502	-0.0854749	-0.0575929	-0.0321079	-0.0313041	0.0205149	0.193428	0.268312	0.106336	-0.0579682	-0.192684	
-0.121907	-0.136833	-0.133563	-0.123401	-0.107752	-0.0949503	-0.102234	-0.109049	-0.105818	-0.0940307	-0.0576538	0.0317491	0.124688	0.081239	-0.0553505	-0.149375	-0.198592	
-0.114303	-0.124635	-0.118231	-0.108175	-0.0977651	-0.0901677	-0.104579	-0.118535	-0.12958	-0.125556	-0.0706495	0.0401287	0.110258	0.0333525	-0.0910438	-0.152801	-0.139927	
-0.106495	-0.112617	-0.106367	-0.0982502	-0.0900261	-0.087471	-0.109878	-0.124621	-0.133188	-0.133603	-0.109543	-0.0579522	-0.0289136	-0.0742764	-0.125847	-0.136418	-0.0694007	
-0.0742235	-0.0847657	-0.0838406	-0.0791021	-0.0757254	-0.0838839	-0.109606	-0.118527	-0.121736	-0.124765	-0.129775	-0.131186	-0.136374	-0.153946	-0.149295	-0.136732	-0.0785003	
-0.0230956	-0.0684153	-0.0814911	-0.0817536	-0.0880568	-0.101983	-0.109368	-0.103669	-0.106022	-0.110163	-0.125586	-0.142477	-0.155086	-0.163203	-0.150364	-0.154915	-0.128295	
0.091375	-0.0276831	-0.0552346	-0.0878348	-0.131495	-0.128004	-0.129825	-0.123587	-0.119488	-0.122042	-0.153146	-0.173552	-0.186781	-0.200596	-0.192586	-0.188312	-0.153049	

15
18
0.943
