11	11	-0.0653686	0.00983386	
31	11	-0.110435	0.155823	
51	11	-0.00759449	0.111875	
71	11	-0.0554953	0.148693	
91	11	-0.133308	-0.0246681	
111	11	-0.0565066	-nan	
131	11	0.0448947	-nan	
151	11	-0.0701208	-nan	
171	11	0.0141101	0.113635	
191	11	0.0593179	0.132862	
211	11	-0.0385488	-nan	
231	11	0.0535598	0.154859	
251	11	0.0753324	0.127408	
271	11	-0.0177027	0.0481387	
291	11	0.089985	0.115694	
311	11	0.0362681	0.0412059	
331	11	-0.05168	0.0955898	
351	11	-0.0333085	0.0722562	
371	11	0.0189966	0.146626	
391	11	-0.0249774	0.0157576	
411	11	-0.0930216	0.0439615	
431	11	0.0359798	0.142291	
451	11	0.0241193	0.11385	
471	11	0.0379149	0.0596339	
491	11	0.0721526	0.149547	
511	11	0.020145	0.224423	
531	11	0.0877967	0.0758292	
551	11	0.0211916	-0.101167	
571	11	-0.00276927	0.126989	
591	11	0.043034	0.0334855	
611	11	0.147886	0.173844	
631	11	0.053122	-nan	
651	11	0.0212138	0.141208	
671	11	-0.0632148	0.198783	
691	11	-0.083829	0.216683	
711	11	0.0428972	-nan	
731	11	0.0371625	0.0299062	
751	11	0.183713	0.097143	
771	11	0.178961	0.118482	
791	11	0.0740634	0.0442178	
811	11	0.0026558	0.108489	
831	11	0.0507533	0.160601	
851	11	0.066715	0.279979	
871	11	0.00504203	0.160749	
891	11	0.0842833	0.0366505	
911	11	0.112322	0.122329	
931	11	0.129875	0.0908517	
951	11	0.046426	-0.0376942	
971	11	0.0407577	-0.0658492	
11	31	-0.0838925	0.145038	
31	31	-0.0447393	-0.00599462	
51	31	-0.0375007	0.235633	
71	31	0.025498	0.0324702	
91	31	-0.147151	-0.0583119	
111	31	0.020431	0.101025	
131	31	0.00247157	0.0674002	
151	31	-0.0106398	0.0660493	
171	31	0.0658853	0.122637	
191	31	0.116526	0.0371545	
211	31	-0.0160104	0.0576657	
231	31	0.0309858	0.0582831	
251	31	0.0623396	0.0569748	
271	31	0.0366194	0.0247432	
291	31	0.00273272	0.00528342	
311	31	-0.00950407	0.165582	
331	31	-0.058657	-nan	
351	31	0.0926624	0.028571	
371	31	0.017382	0.266296	
391	31	-0.0647606	-0.10986	
411	31	-0.0121226	0.102908	
431	31	0.057759	0.176045	
451	31	0.0318368	0.224626	
471	31	-0.0176356	0.146258	
491	31	0.0264343	0.123922	
511	31	0.0178849	0.065968	
531	31	0.105256	0.148601	
551	31	0.015138	-0.0987236	
571	31	0.260378	0.377761	
591	31	0.0707923	0.177846	
611	31	0.0302673	0.168354	
631	31	-nan	0.239105	
651	31	-0.0593145	0.11247	
671	31	0.110162	0.143238	
691	31	0.136422	0.197364	
711	31	0.185463	0.157702	
731	31	0.00158386	0.114202	
751	31	0.0658756	0.157448	
771	31	0.267122	0.116052	
791	31	0.113015	0.0347088	
811	31	0.123178	0.0514377	
831	31	0.134651	0.0535421	
851	31	0.0766886	0.132319	
871	31	0.0669917	0.0866384	
891	31	0.182043	0.126814	
911	31	0.0980919	0.0671384	
931	31	0.0710521	0.149699	
951	31	-0.0939018	0.115566	
971	31	0.183295	0.0314055	
11	51	-0.0555403	0.0144256	
31	51	-0.0088086	-0.104512	
51	51	0.0520213	0.045177	
71	51	-0.00600106	0.149646	
91	51	-0.0385772	0.0937183	
111	51	0.00614012	-0.0174893	
131	51	-0.0154722	0.0570631	
151	51	-0.00994942	0.119956	
171	51	-0.050769	0.170221	
191	51	-0.0706879	0.096197	
211	51	-0.0192006	0.0237593	
231	51	0.0375171	0.116365	
251	51	-0.0659686	0.118602	
271	51	-0.04483	0.104529	
291	51	-0.0612007	0.260102	
311	51	0.0541054	-nan	
331	51	0.0158673	0.283379	
351	51	0.00301166	0.140056	
371	51	0.0329884	0.187518	
391	51	0.0460274	0.0966397	
411	51	-0.0631841	0.0866774	
431	51	0.0154594	0.0894041	
451	51	-0.0281583	-0.0226383	
471	51	0.0858049	-nan	
491	51	0.0838342	0.0177899	
511	51	0.0772093	0.0185616	
531	51	0.153195	0.0267272	
551	51	0.097177	-nan	
571	51	0.241886	-nan	
591	51	0.194368	0.0503364	
611	51	0.0357243	0.210199	
631	51	-nan	-0.124067	
651	51	-0.0244243	0.030458	
671	51	-0.00832904	0.184527	
691	51	0.0558335	0.110764	
711	51	-0.0169032	0.127654	
731	51	0.0530645	0.0875236	
751	51	0.121029	0.143925	
771	51	0.195795	-nan	
791	51	-0.0592811	0.0604697	
811	51	-0.00596302	0.10033	
831	51	0.151837	0.103866	
851	51	0.12145	0.0795505	
871	51	0.0955122	0.196327	
891	51	-0.00361324	0.0480165	
911	51	0.0399483	0.120771	
931	51	0.22408	0.174092	
951	51	0.0895828	0.233229	
971	51	0.143084	0.163328	
11	71	-0.406854	-0.310254	
31	71	-0.235182	-0.0974828	
51	71	-0.0534924	-0.152096	
71	71	-0.18252	-0.10301	
91	71	-0.277121	-nan	
111	71	-0.020951	0.104154	
131	71	-0.177881	0.137824	
151	71	-0.0954822	0.1922	
171	71	-0.0503789	-nan	
191	71	0.029261	-0.0747095	
211	71	-0.218787	0.00154763	
231	71	-0.00442721	0.114722	
251	71	0.16787	0.116972	
271	71	0.327746	0.103602	
291	71	0.25321	0.180346	
311	71	-0.109304	-nan	
331	71	-0.0672725	0.322201	
351	71	0.169832	0.0936687	
371	71	0.0629356	0.0519619	
391	71	0.0562712	0.247801	
411	71	0.0820342	0.00808513	
431	71	-nan	0.157058	
451	71	0.14304	0.205334	
471	71	-0.0192197	-nan	
491	71	0.0940904	0.0393624	
511	71	0.0275664	-0.00257566	
531	71	-0.0621401	0.180449	
551	71	0.0908581	0.261574	
571	71	0.131744	0.102421	
591	71	0.307278	0.171252	
611	71	-0.00890222	-0.0368633	
631	71	-0.00571128	-0.043965	
651	71	0.00704133	0.168705	
671	71	0.234345	0.215535	
691	71	-0.0607396	0.309793	
711	71	-0.160277	-0.135896	
731	71	0.223619	-0.116927	
751	71	0.148204	0.177168	
771	71	0.215665	0.294537	
791	71	0.0350199	0.212025	
811	71	0.0345844	0.130892	
831	71	0.189977	0.256202	
851	71	0.193259	0.145144	
871	71	0.0433741	0.0874243	
891	71	-0.00211666	0.0425185	
911	71	0.113187	0.16446	
931	71	0.239681	-nan	
951	71	0.127603	0.196691	
971	71	0.104391	0.0744887	
11	91	10.0556	-11.9674	
31	91	-0.278668	0.0218071	
51	91	-0.314837	-0.0677099	
71	91	8.95029	9.92284	
91	91	-0.269651	-0.0546436	
111	91	-0.169943	0.0391099	
131	91	-0.100436	-0.0213318	
151	91	-0.043445	0.103898	
171	91	-0.0421453	0.103134	
191	91	-0.17701	-nan	
211	91	-nan	-0.148527	
231	91	0.114294	0.0363293	
251	91	-0.0555608	-nan	
271	91	-10.8017	-nan	
291	91	0.179271	0.298076	
311	91	0.105164	0.217673	
331	91	0.0687825	0.256996	
351	91	-0.0126444	-nan	
371	91	0.0624432	0.117078	
391	91	0.194415	0.113948	
411	91	0.00200039	0.0398128	
431	91	-0.169872	0.0510228	
451	91	0.0518886	0.0837999	
471	91	0.0829765	0.100577	
491	91	0.0364275	0.0839462	
511	91	0.142691	0.242831	
531	91	0.233135	0.172666	
551	91	0.204924	0.0110617	
571	91	0.134216	-nan	
591	91	-0.0486936	0.101268	
611	91	0.0666039	-0.0650153	
631	91	-0.0264487	0.141728	
651	91	0.0440634	0.188325	
671	91	0.168645	0.248089	
691	91	-0.0895362	0.115964	
711	91	0.034569	0.134638	
731	91	0.286057	0.0266442	
751	91	0.150293	0.153917	
771	91	0.00239159	0.193201	
791	91	-0.0262171	0.180038	
811	91	0.142151	0.087809	
831	91	0.181124	0.278751	
851	91	0.0897107	0.212148	
871	91	0.154091	0.0791256	
891	91	0.120338	0.155864	
911	91	0.172463	0.244665	
931	91	0.236268	0.318207	
951	91	-0.0469831	0.195952	
971	91	0.0802164	0.0975791	
11	111	-6.42162	-11.0727	
31	111	-0.513632	-0.146155	
51	111	-0.605016	0.158844	
71	111	-0.400513	-0.132119	
91	111	-0.533758	-0.0616875	
111	111	-0.356818	-0.134394	
131	111	-0.142242	-0.0722363	
151	111	-0.23565	0.0704605	
171	111	-0.0517408	-0.0776783	
191	111	0.101765	0.0374246	
211	111	0.145439	-nan	
231	111	0.011498	0.312003	
251	111	0.10712	0.307703	
271	111	-nan	-11.5032	
291	111	-0.0102937	0.0667221	
311	111	0.0785486	0.276142	
331	111	-0.0759513	0.273116	
351	111	0.0139712	0.137425	
371	111	0.174177	0.0868542	
391	111	0.110602	-0.12653	
411	111	-0.0533022	0.0667708	
431	111	-0.162707	-0.0770904	
451	111	-0.133252	-nan	
471	111	0.0625152	-nan	
491	111	0.0509908	0.0386475	
511	111	0.0318342	-nan	
531	111	-0.0135547	0.122096	
551	111	-0.00403841	0.0233505	
571	111	-0.187074	0.215034	
591	111	-0.060912	0.0875889	
611	111	-0.0858651	0.00567374	
631	111	0.00364776	0.0579996	
651	111	-0.00633139	0.284602	
671	111	-0.0766678	0.321069	
691	111	0.117927	0.110036	
711	111	0.00478688	0.203958	
731	111	-0.00534344	0.147015	
751	111	-0.000632293	0.019538	
771	111	-0.0362471	0.0263772	
791	111	0.017242	0.0651261	
811	111	0.0443419	0.117706	
831	111	0.259771	0.0248157	
851	111	0.0952635	-0.00690167	
871	111	0.238755	0.253451	
891	111	0.274443	0.233353	
911	111	0.0394047	0.115245	
931	111	0.030221	0.331484	
951	111	0.0257487	0.231405	
971	111	0.201407	0.210305	
11	131	-0.409382	-nan	
31	131	-0.608269	-0.110276	
51	131	-0.508864	0.0653542	
71	131	-0.39467	-0.0943286	
91	131	-0.339393	-0.149585	
111	131	-0.292108	-nan	
131	131	-nan	-nan	
151	131	-0.313848	-0.204223	
171	131	-0.063613	-nan	
191	131	0.135021	-0.0318564	
211	131	0.272444	0.26363	
231	131	0.240161	-nan	
251	131	0.233241	-nan	
271	131	0.186013	0.353661	
291	131	0.0367832	0.225808	
311	131	-0.0585169	0.124937	
331	131	-0.0606193	0.0467429	
351	131	-0.0469284	0.178083	
371	131	-0.0606052	0.0856678	
391	131	0.0318696	-0.0980493	
411	131	0.017645	-0.0210477	
431	131	-0.0598137	0.0890776	
451	131	-0.0079355	0.136701	
471	131	-0.0375041	0.0787138	
491	131	-9.29513	-nan	
511	131	0.0865239	0.162914	
531	131	-0.0515353	-nan	
551	131	-0.0432458	0.135994	
571	131	-0.185927	0.0820442	
591	131	-0.0653506	0.127812	
611	131	-0.114978	0.14067	
631	131	0.0371764	-0.00590359	
651	131	0.00119133	-0.135813	
671	131	0.0658317	0.108344	
691	131	0.069564	-0.0229187	
711	131	0.0546088	0.19238	
731	131	-0.0106297	0.0998059	
751	131	0.116837	0.141213	
771	131	0.0400205	0.0208579	
791	131	0.0117514	0.018064	
811	131	0.135651	0.12663	
831	131	0.331528	0.174927	
851	131	0.145136	0.295392	
871	131	0.162205	0.218287	
891	131	0.182798	0.18618	
911	131	0.143583	0.171534	
931	131	0.101878	0.169427	
951	131	0.366551	0.153977	
971	131	0.156232	0.0390138	
11	151	-0.526059	0.17192	
31	151	-0.744784	-0.00144107	
51	151	-0.561705	0.039178	
71	151	-0.632351	-0.158678	
91	151	-nan	-0.12592	
111	151	-9.0881	-nan	
131	151	9.31046	11.3449	
151	151	-0.597089	-0.241466	
171	151	-0.404109	-0.304505	
191	151	-0.00463133	-0.125073	
211	151	0.169866	0.2882	
231	151	0.280715	0.34344	
251	151	0.186245	-nan	
271	151	-0.0948184	0.316187	
291	151	-0.0684159	-nan	
311	151	0.0235363	0.281351	
331	151	0.0448929	-nan	
351	151	-0.138819	0.112656	
371	151	-0.147192	-0.0255681	
391	151	-0.0184867	0.0555616	
411	151	-0.0113374	0.136066	
431	151	-0.038132	0.0463677	
451	151	0.0777309	-0.0158436	
471	151	0.115594	0.0669908	
491	151	0.0887159	0.0887453	
511	151	-nan	-11.8378	
531	151	0.100671	0.268513	
551	151	0.0498701	-0.0121202	
571	151	-0.0625205	0.0981739	
591	151	-0.0630836	0.088955	
611	151	-0.12724	0.100766	
631	151	-nan	0.250982	
651	151	0.0184423	0.107805	
671	151	0.0939214	0.00532294	
691	151	0.0307385	0.0517452	
711	151	0.0108517	0.187509	
731	151	-0.0437789	-0.00134147	
751	151	0.00249215	0.0742702	
771	151	-0.00131354	0.0274186	
791	151	0.0896251	0.205236	
811	151	0.115881	0.256453	
831	151	0.224673	0.256996	
851	151	0.0631205	0.258167	
871	151	0.207009	0.238988	
891	151	0.099003	-0.00663273	
911	151	0.195721	0.0233277	
931	151	0.084702	0.127647	
951	151	0.216895	0.270631	
971	151	0.0731223	0.147518	
11	171	-0.419536	0.0314196	
31	171	-0.667943	0.123927	
51	171	-0.459652	-0.0265805	
71	171	-0.605349	0.172375	
91	171	-0.707237	-nan	
111	171	-0.700311	0.0811869	
131	171	-0.478448	-0.195083	
151	171	-0.517987	-0.180556	
171	171	-0.354433	-nan	
191	171	-0.0334506	-nan	
211	171	-0.118121	0.00569111	
231	171	0.0264074	0.484693	
251	171	-10.9845	-nan	
271	171	-0.102985	0.455168	
291	171	-0.182028	-nan	
311	171	-0.225106	0.15959	
331	171	0.0897382	0.340034	
351	171	-0.231817	0.127321	
371	171	-0.208147	-0.0123543	
391	171	-0.193981	-0.0834287	
411	171	-0.120324	-nan	
431	171	0.135817	-0.44406	
451	171	0.279848	-0.0461142	
471	171	-0.0291026	0.0433201	
491	171	0.0293786	0.107929	
511	171	0.183199	0.0910212	
531	171	0.107898	0.162343	
551	171	-0.0209093	-0.0632268	
571	171	0.162498	0.133496	
591	171	0.0570224	-nan	
611	171	-0.08321	0.127796	
631	171	-0.0169693	0.0314553	
651	171	-0.0212128	0.0281057	
671	171	-0.0353681	0.0861725	
691	171	0.170237	-nan	
711	171	0.0978572	0.201458	
731	171	0.212909	-0.0281842	
751	171	0.074468	-0.0202461	
771	171	-0.0834364	0.126346	
791	171	0.272292	0.279259	
811	171	0.309316	0.0453953	
831	171	0.222753	0.212482	
851	171	0.12991	0.441606	
871	171	0.143133	0.18173	
891	171	0.148155	0.10155	
911	171	0.134173	0.0982514	
931	171	-0.00989397	0.130059	
951	171	0.0869374	0.139349	
971	171	0.138912	0.116286	
11	191	-0.534291	0.360714	
31	191	-0.818134	-0.206526	
51	191	-0.786001	-0.0504302	
71	191	-0.881409	-0.047087	
91	191	-0.882033	-0.160021	
111	191	-0.82802	-0.169494	
131	191	-0.969462	-0.371646	
151	191	-0.718533	-0.274278	
171	191	-0.744179	-0.337237	
191	191	-0.208229	-0.114008	
211	191	-0.368959	0.141565	
231	191	-0.0201271	-nan	
251	191	-0.238995	0.77841	
271	191	-nan	-nan	
291	191	-0.20218	0.265776	
311	191	-0.138575	-nan	
331	191	-0.20833	0.142269	
351	191	-0.177357	0.237147	
371	191	-0.442918	-0.0121647	
391	191	-0.351593	-0.24095	
411	191	-9.17538	-nan	
431	191	-0.407476	-0.431557	
451	191	-0.313668	-0.177402	
471	191	-0.0924712	-0.0293306	
491	191	-0.11223	0.0646107	
511	191	0.105301	-0.00562296	
531	191	0.16224	0.25089	
551	191	-0.00595993	0.196636	
571	191	0.0452359	0.224211	
591	191	0.205634	-0.0218167	
611	191	-0.229683	0.0874737	
631	191	0.164304	0.0711205	
651	191	0.0658629	-0.134868	
671	191	0.0551962	0.0731047	
691	191	0.0131892	0.0920557	
711	191	-0.0492909	-0.0779086	
731	191	0.0333961	-0.0212899	
751	191	0.077677	0.224289	
771	191	0.0759396	0.149386	
791	191	0.0481542	0.203324	
811	191	0.0780772	0.30115	
831	191	0.0954075	0.0482984	
851	191	0.140937	0.210646	
871	191	0.230971	0.15629	
891	191	0.0169329	0.199487	
911	191	0.157938	0.00289098	
931	191	0.125347	0.209141	
951	191	0.00725027	0.059196	
971	191	0.110001	-nan	
11	211	-0.795734	0.214838	
31	211	-1.01835	0.0402697	
51	211	-1.08215	-0.210469	
71	211	-1.06472	0.00528798	
91	211	-1.13272	-0.0431674	
111	211	-1.0531	-nan	
131	211	10.9909	-10.249	
151	211	-0.824437	-0.473313	
171	211	-1.09314	-nan	
191	211	-0.755631	-0.267771	
211	211	-0.681207	0.0153733	
231	211	-0.660872	0.15989	
251	211	11.8088	6.9692	
271	211	-0.321142	0.744174	
291	211	-0.211607	0.330954	
311	211	-nan	-nan	
331	211	-0.355039	0.158795	
351	211	-0.432312	-nan	
371	211	-0.383991	-0.110593	
391	211	10.7472	-nan	
411	211	-nan	-nan	
431	211	-0.816488	-0.656095	
451	211	-0.774377	-0.21546	
471	211	-nan	0.0563229	
491	211	-0.0430768	0.0486415	
511	211	-0.195682	0.178725	
531	211	-nan	-9.04401	
551	211	0.00958851	-nan	
571	211	-0.0635932	0.172206	
591	211	0.0596193	0.355083	
611	211	-0.0319094	0.288486	
631	211	-0.0185967	-0.0348426	
651	211	-0.0509086	0.112831	
671	211	0.0482826	-0.287285	
691	211	0.0358049	-0.135346	
711	211	0.0738379	0.0166081	
731	211	0.0421737	0.0963354	
751	211	0.0307952	0.00315958	
771	211	0.0782481	0.0371532	
791	211	-0.0130824	0.280515	
811	211	0.00248602	-nan	
831	211	-0.0693526	0.240544	
851	211	-0.014756	0.178033	
871	211	0.170749	0.232573	
891	211	0.12003	0.312861	
911	211	0.101013	-0.124991	
931	211	0.156024	0.18718	
951	211	0.0581626	0.247738	
971	211	0.0992243	0.164949	
11	231	-0.946057	0.41843	
31	231	-1.09689	0.208346	
51	231	-1.14403	-0.317527	
71	231	-1.39557	-0.011192	
91	231	-1.11801	-0.412702	
111	231	-1.10088	-nan	
131	231	-1.21046	-0.646755	
151	231	-8.23412	-nan	
171	231	-1.00627	-0.688744	
191	231	-1.00944	-nan	
211	231	-0.891725	-nan	
231	231	-0.711702	0.277237	
251	231	-nan	-nan	
271	231	-nan	-nan	
291	231	-nan	-nan	
311	231	-0.485553	0.200076	
331	231	-0.536958	0.386872	
351	231	-0.552305	0.334106	
371	231	-0.501325	0.161671	
391	231	-0.306722	-nan	
411	231	-nan	-nan	
431	231	9.76424	-nan	
451	231	-0.96901	-0.0683497	
471	231	-0.708108	-nan	
491	231	-0.359133	0.236889	
511	231	-0.378775	0.38224	
531	231	-0.141421	0.171034	
551	231	-0.283478	0.0300789	
571	231	-nan	0.269071	
591	231	-0.135562	0.253969	
611	231	-0.0260912	0.153348	
631	231	-0.140952	0.125601	
651	231	-0.0190752	0.246611	
671	231	0.0191996	-0.125796	
691	231	0.246009	-0.0980853	
711	231	0.0923823	-0.0899986	
731	231	0.0625246	0.164211	
751	231	-nan	0.136367	
771	231	0.108267	-0.0718825	
791	231	0.12095	0.148533	
811	231	-0.0160284	0.154308	
831	231	-0.0578178	0.322316	
851	231	-0.0254153	0.213337	
871	231	-0.00966695	0.112089	
891	231	-0.042285	0.0385709	
911	231	0.0412742	-0.0915518	
931	231	0.0993372	0.0528873	
951	231	0.137351	0.131354	
971	231	0.0704897	-0.058515	
11	251	10.0576	-2.89294	
31	251	-1.28344	0.244299	
51	251	-1.22654	-0.15814	
71	251	-1.4551	-0.0594328	
91	251	-1.20084	-0.249152	
111	251	-1.31231	-0.47284	
131	251	-1.25226	-0.757551	
151	251	-1.17397	-nan	
171	251	-1.20305	-0.395315	
191	251	-1.09258	-0.325804	
211	251	-1.03744	0.0102879	
231	251	-0.697593	0.316142	
251	251	-0.809396	0.41554	
271	251	6.08819	-10.111	
291	251	-0.396422	0.233508	
311	251	-0.473885	0.314354	
331	251	-nan	-nan	
351	251	-0.467322	0.249628	
371	251	-0.332321	-0.00354502	
391	251	-0.134412	-nan	
411	251	-0.332281	-0.0820448	
431	251	-0.764803	-0.113638	
451	251	-0.835813	0.0184708	
471	251	-0.869465	0.00717246	
491	251	-nan	-nan	
511	251	-0.582896	0.0648155	
531	251	-0.143501	-0.0195184	
551	251	0.13799	0.163659	
571	251	-0.0725778	0.263333	
591	251	-0.189826	-nan	
611	251	-0.223357	0.0127679	
631	251	-0.0707922	0.010915	
651	251	-0.051574	-0.0685688	
671	251	-0.13864	-nan	
691	251	-0.0330386	-0.183847	
711	251	0.187971	-0.0646115	
731	251	0.289861	-0.082039	
751	251	-nan	0.0935542	
771	251	-nan	0.243284	
791	251	0.284061	0.0722455	
811	251	0.084551	0.336645	
831	251	-0.0930224	0.315601	
851	251	0.00918233	-nan	
871	251	-0.00315283	0.295495	
891	251	0.0536925	0.292134	
911	251	0.0964359	-nan	
931	251	0.233646	0.193695	
951	251	0.175764	0.113301	
971	251	0.050798	0.14336	
11	271	-1.35763	0.230152	
31	271	-nan	6.86419	
51	271	-1.84799	-0.240162	
71	271	-1.68956	-0.277636	
91	271	5.85346	-nan	
111	271	-1.30761	-0.292071	
131	271	-4.85638	-8.12718	
151	271	6.82632	-nan	
171	271	-1.61388	-0.292539	
191	271	-1.27498	-0.298853	
211	271	-1.10577	-0.0402532	
231	271	-1.02905	0.2908	
251	271	-0.892632	-nan	
271	271	-0.707231	0.481755	
291	271	-0.616423	0.189283	
311	271	-0.397935	-nan	
331	271	-nan	-nan	
351	271	-0.125469	0.198218	
371	271	-0.323404	0.312222	
391	271	-0.224373	0.0648577	
411	271	-0.280196	0.0973154	
431	271	-0.569631	-0.0624193	
451	271	-0.789143	-0.0322351	
471	271	-0.742502	-0.163059	
491	271	-0.787328	-0.00153369	
511	271	-0.769089	0.173996	
531	271	-0.564447	0.116662	
551	271	-0.134329	0.189801	
571	271	0.0530555	-0.0355575	
591	271	0.128069	-0.00188703	
611	271	-0.180586	0.103294	
631	271	-0.0788809	-nan	
651	271	-0.000548268	-nan	
671	271	-0.173489	-0.209011	
691	271	-0.198848	-0.496532	
711	271	-0.345856	-0.855672	
731	271	0.130215	0.0658823	
751	271	0.129149	-nan	
771	271	0.0845094	0.289529	
791	271	-nan	8.10939	
811	271	0.136026	-nan	
831	271	0.0662001	0.428291	
851	271	-0.0635695	0.280167	
871	271	0.135138	0.25684	
891	271	-0.115056	0.145009	
911	271	0.0251876	0.187236	
931	271	-0.0722137	-nan	
951	271	0.0757549	0.225427	
971	271	-0.0163251	0.153793	
11	291	-1.25838	0.748096	
31	291	-1.23194	0.275638	
51	291	-1.66146	-0.0969064	
71	291	9.27626	-nan	
91	291	-1.53426	-0.00506187	
111	291	-1.56268	-0.00604199	
131	291	-1.55206	-0.0109203	
151	291	-1.67985	-0.0168948	
171	291	-1.78174	-0.0243362	
191	291	-1.35722	0.116568	
211	291	-1.15418	0.197419	
231	291	-1.10513	-nan	
251	291	-0.895766	0.333783	
271	291	-0.643898	0.384163	
291	291	-nan	-nan	
311	291	-nan	-nan	
331	291	-0.468195	0.47415	
351	291	-0.263028	-nan	
371	291	-0.143293	0.412211	
391	291	-0.0610474	0.131812	
411	291	10.7222	10.6119	
431	291	-0.659955	0.0432895	
451	291	-0.825529	0.119839	
471	291	-0.815679	-0.0417597	
491	291	-0.8615	-0.144603	
511	291	-0.858415	-0.0812206	
531	291	-0.635438	-0.193233	
551	291	13.2398	-nan	
571	291	0.0112404	-0.208624	
591	291	-0.174783	0.0634118	
611	291	-0.340368	0.190792	
631	291	-nan	-nan	
651	291	11.1319	-9.0031	
671	291	-0.920839	-0.959831	
691	291	-nan	-1.08894	
711	291	-nan	-0.950028	
731	291	-nan	-nan	
751	291	-0.574443	0.116083	
771	291	7.42952	7.09629	
791	291	0.0255219	0.861634	
811	291	0.0151807	0.641134	
831	291	-5.77739	-nan	
851	291	-nan	-nan	
871	291	-0.355302	-0.066628	
891	291	-0.200401	0.133116	
911	291	-0.0675197	0.0413509	
931	291	-0.0634235	0.198867	
951	291	0.0365586	0.00266139	
971	291	0.0194849	-0.0122427	
11	311	-1.12705	0.658833	
31	311	-0.982233	0.0878013	
51	311	-0.863828	-0.422255	
71	311	12.4183	-10.8775	
91	311	-1.2986	0.326336	
111	311	-1.7253	-nan	
131	311	-1.86355	0.239747	
151	311	-1.74322	0.644703	
171	311	-1.78717	0.642648	
191	311	-1.23594	0.732511	
211	311	-1.26023	-nan	
231	311	-0.992201	0.441028	
251	311	-0.898812	0.541501	
271	311	-0.69003	0.621924	
291	311	2.94246	-11.8618	
311	311	12.8259	-nan	
331	311	-0.276545	0.702433	
351	311	-0.10082	0.701262	
371	311	-0.0957305	-nan	
391	311	-nan	0.495022	
411	311	-nan	-nan	
431	311	-0.832641	0.279248	
451	311	-0.888894	0.0707379	
471	311	-0.854671	-0.00747104	
491	311	-0.933365	0.0133319	
511	311	-0.86144	-0.0550015	
531	311	-0.96988	-0.456418	
551	311	-0.607077	-1.11334	
571	311	-nan	-nan	
591	311	-0.280455	-0.0922786	
611	311	-nan	-8.87859	
631	311	-1.16444	-nan	
651	311	-9.48173	-nan	
671	311	-nan	-nan	
691	311	0.906531	-nan	
711	311	-nan	4.04691	
731	311	-nan	-nan	
751	311	-7.9079	-nan	
771	311	-1.48059	-nan	
791	311	-0.791026	0.81021	
811	311	10.1828	11.1584	
831	311	-0.733618	0.139868	
851	311	-0.796433	0.00328966	
871	311	-0.452181	-0.0935497	
891	311	-0.274855	0.0684942	
911	311	-0.0935282	-0.129713	
931	311	-0.0548469	0.111442	
951	311	0.151553	0.200103	
971	311	-0.0185508	-nan	
11	331	-8.18568	-nan	
31	331	-0.612936	0.0564157	
51	331	-0.70803	-0.25282	
71	331	-0.774407	-0.0110252	
91	331	-1.69591	1.01156	
111	331	-2.06845	0.908663	
131	331	-1.81684	0.624787	
151	331	-1.49129	0.7644	
171	331	-1.51333	0.88271	
191	331	-1.4316	0.649052	
211	331	-1.3315	0.370718	
231	331	-1.35897	-nan	
251	331	-1.05788	0.726619	
271	331	10.9548	-nan	
291	331	-nan	-nan	
311	331	-nan	-nan	
331	331	-nan	-nan	
351	331	-0.24726	0.854137	
371	331	-0.289301	0.730201	
391	331	-0.573811	0.43578	
411	331	-0.479953	-0.0292502	
431	331	-0.771965	0.123287	
451	331	-0.634418	0.0742355	
471	331	-1.10917	0.337717	
491	331	-1.28627	-nan	
511	331	-1.45394	-0.201434	
531	331	-1.91794	-0.878288	
551	331	-nan	7.86786	
571	331	-nan	9.20081	
591	331	-9.00541	-nan	
611	331	-5.6026	7.73555	
631	331	8.09536	-nan	
651	331	-nan	11.2137	
671	331	-6.81931	-nan	
691	331	8.67675	-8.05717	
711	331	-1.32651	0.0682755	
731	331	6.59562	-nan	
751	331	-1.68136	0.42199	
771	331	-1.32403	0.47517	
791	331	-1.06807	0.741574	
811	331	-0.968976	0.344576	
831	331	-0.930609	0.179248	
851	331	-1.06936	0.00884484	
871	331	-0.738248	-0.243464	
891	331	-11.3733	-nan	
911	331	-0.0564915	0.129488	
931	331	-0.0931231	0.233165	
951	331	0.0423597	0.338888	
971	331	-0.138273	0.234827	
11	351	-1.07935	0.139615	
31	351	-nan	0.156577	
51	351	-1.65965	0.208959	
71	351	-2.45693	0.0287604	
91	351	-nan	1.29214	
111	351	-1.87428	1.18259	
131	351	-1.44644	0.846107	
151	351	-1.1868	0.655322	
171	351	-1.56186	1.04988	
191	351	-1.51668	0.704882	
211	351	-1.63652	0.333479	
231	351	-1.68489	0.208787	
251	351	-1.45841	0.138695	
271	351	-1.22844	0.161444	
291	351	-0.751536	0.159432	
311	351	-0.731945	0.141939	
331	351	-0.625822	0.414801	
351	351	-0.621921	-nan	
371	351	-0.585375	-nan	
391	351	-0.693676	0.507948	
411	351	-nan	0.441984	
431	351	11.0123	-nan	
451	351	-0.846812	0.682647	
471	351	-nan	0.537208	
491	351	-1.50304	0.265562	
511	351	-8.17284	9.14916	
531	351	-nan	-9.87278	
551	351	7.83988	5.37134	
571	351	12.9056	-7.05587	
591	351	10.7094	8.12741	
611	351	-3.09553	-0.325806	
631	351	-nan	-6.08045	
651	351	9.68469	-nan	
671	351	-1.97567	0.989951	
691	351	-2.20384	0.758228	
711	351	-3.04355	-0.883954	
731	351	-nan	9.92672	
751	351	-1.80161	0.754081	
771	351	-6.85641	-10.0967	
791	351	8.33555	-nan	
811	351	-nan	0.169766	
831	351	-1.62066	-nan	
851	351	12.975	-11.0021	
871	351	-nan	-4.11186	
891	351	11.0537	-nan	
911	351	-0.516674	0.665234	
931	351	-nan	-nan	
951	351	-7.11386	-nan	
971	351	-0.151781	0.112817	
11	371	-nan	-11.2528	
31	371	-10.9516	-nan	
51	371	-2.73732	0.021053	
71	371	-2.74567	0.284657	
91	371	-2.69836	0.686937	
111	371	-1.89164	0.968791	
131	371	-4.10078	-nan	
151	371	-1.34199	0.520146	
171	371	-1.44484	0.838516	
191	371	-1.87322	-nan	
211	371	-1.907	0.426711	
231	371	-1.94732	0.0739843	
251	371	-1.73551	-0.2259	
271	371	13.0989	3.84357	
291	371	-1.01149	-0.596781	
311	371	-5.13493	-nan	
331	371	-0.637556	0.313901	
351	371	-0.400488	0.245295	
371	371	-1.06679	0.585167	
391	371	-0.895807	0.595083	
411	371	-0.910859	0.697958	
431	371	-0.72711	-nan	
451	371	-1.0939	0.866295	
471	371	-1.1403	-nan	
491	371	-8.15169	-11.0793	
511	371	-5.99179	9.81742	
531	371	-4.07244	-nan	
551	371	-nan	-1.34027	
571	371	12.3638	-nan	
591	371	-4.0401	-1.32786	
611	371	-10.0398	11.012	
631	371	-3.1131	-0.808734	
651	371	-2.89276	-0.537772	
671	371	-nan	-9.12309	
691	371	-2.8347	0.523386	
711	371	11.7062	-nan	
731	371	-nan	-7.16024	
751	371	-9.18933	-nan	
771	371	-2.45115	-nan	
791	371	-2.85023	-0.265854	
811	371	-10.9218	-nan	
831	371	-nan	-nan	
851	371	-7.9814	8.05552	
871	371	6.12222	-nan	
891	371	11.3684	-nan	
911	371	-2.61566	1.05108	
931	371	-1.82145	0.926352	
951	371	-3.60503	-10.0282	
971	371	-9.90573	-nan	
11	391	-2.93063	-0.142078	
31	391	-2.95792	0.191647	
51	391	-3.07133	-0.236711	
71	391	10.6173	4.96874	
91	391	-2.70041	-0.18524	
111	391	-8.9796	7.22399	
131	391	-1.90316	0.199206	
151	391	-2.03561	0.252202	
171	391	-3.05755	-nan	
191	391	-nan	6.9958	
211	391	-1.98873	-nan	
231	391	-2.54409	-0.19558	
251	391	-2.95148	-1.30843	
271	391	-2.38918	-1.93041	
291	391	-nan	-4.03232	
311	391	-1.12816	0.0153931	
331	391	-0.915202	0.0276375	
351	391	-1.0601	-0.0315911	
371	391	-1.72425	0.24504	
391	391	-1.57601	0.96488	
411	391	-0.77347	0.928321	
431	391	-0.700751	1.01285	
451	391	-1.1561	1.09509	
471	391	-1.58718	0.677662	
491	391	-2.09176	0.723765	
511	391	-2.67325	0.779495	
531	391	-3.04897	0.350935	
551	391	8.04985	-nan	
571	391	-nan	6.73221	
591	391	-3.86698	-1.63575	
611	391	-3.87993	-1.98071	
631	391	-3.54546	-1.12609	
651	391	-3.87477	-nan	
671	391	10.2035	-nan	
691	391	-4.14174	-0.129736	
711	391	-4.45552	0.914436	
731	391	11.2495	-nan	
751	391	-3.84066	0.771202	
771	391	-nan	-nan	
791	391	4.79815	10.1721	
811	391	-4.20002	-0.81194	
831	391	11.6561	-11.3654	
851	391	12.944	4.36261	
871	391	-4.15306	-nan	
891	391	-nan	-11.5018	
911	391	-3.20212	1.20437	
931	391	-nan	-nan	
951	391	8.98926	-nan	
971	391	-8.25415	4.66126	
11	411	-2.92102	0.261686	
31	411	-11.0483	-nan	
51	411	-3.01462	-0.52187	
71	411	-3.17727	-0.775902	
91	411	-2.77122	-0.104636	
111	411	-2.7433	0.0481542	
131	411	-2.35404	-0.185719	
151	411	-1.91618	0.370307	
171	411	-1.91307	0.914274	
191	411	-1.88405	0.6122	
211	411	-1.83807	0.643695	
231	411	-3.1808	0.199557	
251	411	7.72818	9.14223	
271	411	-4.23975	-2.04545	
291	411	7.17212	-11.398	
311	411	-3.74733	-1.10198	
331	411	-1.36125	-nan	
351	411	-1.74319	0.901047	
371	411	-1.87345	0.794935	
391	411	-1.89276	-nan	
411	411	-0.927932	1.00462	
431	411	-1.12687	1.4054	
451	411	-nan	10.6522	
471	411	-1.86701	1.02485	
491	411	-2.31913	0.898113	
511	411	11.1078	-nan	
531	411	-nan	8.64195	
551	411	-3.22706	-0.0594945	
571	411	-9.94966	-nan	
591	411	-3.51849	-0.775043	
611	411	-4.20368	-1.63798	
631	411	9.23292	-nan	
651	411	-3.93278	-0.895494	
671	411	-4.0074	-0.976989	
691	411	-3.76526	0.215057	
711	411	1.62887	11.2109	
731	411	-nan	-nan	
751	411	4.80583	-nan	
771	411	-nan	5.80659	
791	411	-nan	-nan	
811	411	-5.8308	-1.72617	
831	411	-5.24306	-1.78066	
851	411	-6.72556	10.0392	
871	411	-nan	-11.7742	
891	411	-3.50188	-1.84144	
911	411	-nan	7.86133	
931	411	-nan	6.59076	
951	411	9.9417	5.39267	
971	411	6.88925	-nan	
11	431	-3.26809	0.714904	
31	431	-4.14889	0.220317	
51	431	-3.35427	0.162195	
71	431	-2.87137	-0.14454	
91	431	-3.47493	0.062259	
111	431	-3.13247	-0.254062	
131	431	-3.06963	0.0336485	
151	431	-nan	-nan	
171	431	-2.2322	0.81778	
191	431	-3.06057	0.389043	
211	431	3.89218	-nan	
231	431	-3.89822	0.952428	
251	431	-4.15827	-0.841714	
271	431	-4.48793	-1.70496	
291	431	-4.87428	-1.79194	
311	431	-5.1423	-1.46762	
331	431	-4.84738	-0.0190624	
351	431	7.58707	-10.472	
371	431	-3.92483	0.421735	
391	431	-2.24837	-nan	
411	431	-3.53813	-0.20567	
431	431	-9.03603	-5.17818	
451	431	-nan	-nan	
471	431	-nan	-4.11182	
491	431	-3.20354	1.13523	
511	431	-2.98506	0.96785	
531	431	-nan	-nan	
551	431	-nan	-5.9024	
571	431	-11.4052	-nan	
591	431	2.2616	10.3115	
611	431	-2.93353	-0.5062	
631	431	-2.68526	-0.808729	
651	431	-nan	-1.94228	
671	431	-nan	10.5007	
691	431	-nan	-12.1558	
711	431	-8.79477	-nan	
731	431	-5.75259	-nan	
751	431	-5.05975	0.721618	
771	431	-nan	-nan	
791	431	-6.09533	-1.06757	
811	431	-5.63239	0.0267139	
831	431	-7.79734	-1.15777	
851	431	-10.7627	-nan	
871	431	-nan	10.0544	
891	431	-nan	-nan	
911	431	10.8629	-nan	
931	431	-10.9302	-6.70428	
951	431	-nan	-nan	
971	431	-4.20975	0.18908	
11	451	-2.44335	0.837403	
31	451	-nan	9.80553	
51	451	-3.33113	0.158197	
71	451	-3.04354	-nan	
91	451	-3.74411	0.420328	
111	451	-nan	-nan	
131	451	-3.38916	0.147482	
151	451	-3.79984	0.64096	
171	451	-nan	-nan	
191	451	-3.35745	0.346804	
211	451	-nan	0.814651	
231	451	-3.96747	1.0378	
251	451	-4.02895	-0.700147	
271	451	-5.2858	-1.31269	
291	451	-5.8519	-0.720005	
311	451	-5.83224	-0.947424	
331	451	-5.96956	-0.699926	
351	451	-5.00575	-0.189638	
371	451	-4.77379	-0.45724	
391	451	-4.0294	-1.11562	
411	451	-4.13199	-0.330102	
431	451	-3.75178	0.741202	
451	451	-nan	-nan	
471	451	-3.97575	1.17839	
491	451	-7.11201	-9.80374	
511	451	-4.15332	1.28513	
531	451	-4.12408	0.060082	
551	451	-4.01366	0.0403633	
571	451	-nan	-nan	
591	451	-nan	-nan	
611	451	-10.9267	-nan	
631	451	-2.86889	-1.3054	
651	451	-nan	-1.39599	
671	451	-nan	-nan	
691	451	-nan	1.74032	
711	451	-2.87273	2.80376	
731	451	10.7614	-nan	
751	451	-3.78013	1.19573	
771	451	-4.17808	0.266577	
791	451	-4.27082	-4.68099	
811	451	-4.86875	1.10306	
831	451	-5.83721	-nan	
851	451	-nan	-nan	
871	451	-6.47853	-2.06144	
891	451	9.05349	-nan	
911	451	11.3334	-nan	
931	451	-7.87345	-nan	
951	451	-4.56827	0.851376	
971	451	-nan	6.81075	
11	471	-1.93197	0.874002	
31	471	-2.82497	-0.217556	
51	471	-3.42069	0.715544	
71	471	12.9355	10.5005	
91	471	-3.66192	0.829665	
111	471	-3.64932	-0.98459	
131	471	-4.88663	0.140487	
151	471	-3.98333	0.741182	
171	471	-10.0318	-11.359	
191	471	-nan	-10.0632	
211	471	-4.15779	1.21325	
231	471	-3.74409	1.28345	
251	471	-nan	-0.124787	
271	471	-4.04134	-0.935709	
291	471	9.19411	-9.77548	
311	471	-4.30086	-0.450122	
331	471	7.76365	-nan	
351	471	-4.57455	-1.21516	
371	471	-nan	-1.00392	
391	471	-3.5108	-1.84172	
411	471	-11.0524	-nan	
431	471	-3.67674	1.10348	
451	471	-nan	6.91804	
471	471	-3.95818	1.55132	
491	471	-3.6192	1.80894	
511	471	-3.80843	1.01401	
531	471	-3.27546	0.299361	
551	471	-nan	-8.15497	
571	471	-3.42148	1.20684	
591	471	-nan	5.08901	
611	471	-nan	-nan	
631	471	-2.91258	-12.0698	
651	471	8.22125	-11.0287	
671	471	-10.0272	-nan	
691	471	-3.18575	2.82792	
711	471	6.13404	-nan	
731	471	-4.24825	2.91445	
751	471	-3.63627	1.71389	
771	471	-4.35484	0.868592	
791	471	-7.7602	0.915786	
811	471	-10.6004	-nan	
831	471	3.96362	-nan	
851	471	-nan	-0.155511	
871	471	-nan	7.33072	
891	471	-7.94207	-1.3105	
911	471	7.89026	-nan	
931	471	-8.65947	-nan	
951	471	-8.0943	-0.939018	
971	471	9.62542	-nan	
11	491	-1.75138	1.28682	
31	491	-nan	3.86558	
51	491	-2.9859	1.28123	
71	491	-2.79467	1.63558	
91	491	-3.26473	0.797872	
111	491	-11.2206	-6.3616	
131	491	-5.34527	0.158927	
151	491	-4.96005	-0.233732	
171	491	-5.09791	-0.536276	
191	491	10.7001	-nan	
211	491	-4.80054	0.558067	
231	491	12.0623	7.09052	
251	491	10.0839	-nan	
271	491	-11.1997	-nan	
291	491	-2.83027	-0.882247	
311	491	-3.15453	-0.321766	
331	491	-3.40523	-0.953177	
351	491	-3.41693	-1.03863	
371	491	7.8668	-10.9137	
391	491	-3.54411	-1.89225	
411	491	8.79549	-2.83903	
431	491	12.2951	7.00331	
451	491	-3.24198	1.25023	
471	491	-nan	-nan	
491	491	13.0366	-nan	
511	491	-2.74015	0.264518	
531	491	-3.1258	0.364723	
551	491	-2.98474	0.705921	
571	491	-nan	-nan	
591	491	5.12186	-nan	
611	491	-nan	-10.7626	
631	491	-nan	-11.5012	
651	491	-10.1079	6.12514	
671	491	-nan	-nan	
691	491	-nan	9.18738	
711	491	-nan	10.7111	
731	491	6.10181	-7.12874	
751	491	-4.5746	2.15161	
771	491	-4.91742	1.1125	
791	491	-6.98343	-nan	
811	491	-nan	1.13865	
831	491	-6.22027	0.887748	
851	491	-nan	-0.0996374	
871	491	-8.17505	-5.38074	
891	491	-nan	-nan	
911	491	11.0454	-nan	
931	491	-nan	10.5033	
951	491	1.86702	-4.01011	
971	491	-nan	-nan	
11	511	-2.18554	1.38877	
31	511	-9.08629	-8.88278	
51	511	-3.12991	0.921978	
71	511	-3.08586	1.13822	
91	511	-3.14651	0.763635	
111	511	-nan	-2.07747	
131	511	-5.06266	-0.0404542	
151	511	-4.7736	-0.758257	
171	511	-4.77643	-0.367578	
191	511	-4.77299	-0.761967	
211	511	11.8538	10.0165	
231	511	-3.90936	-1.40718	
251	511	12.0907	10.8521	
271	511	-2.14476	-0.191978	
291	511	1.21968	10.635	
311	511	-2.11224	-0.94773	
331	511	-2.14862	-1.07696	
351	511	-2.20859	-0.880886	
371	511	-2.69769	-1.10268	
391	511	-10.3261	-11.601	
411	511	-4.42818	-0.322758	
431	511	-4.74404	-0.358008	
451	511	-4.19559	-0.81765	
471	511	-nan	10.2104	
491	511	-nan	-10.2936	
511	511	-3.78409	0.864842	
531	511	-3.10323	0.242888	
551	511	-nan	11.2543	
571	511	-3.38093	-0.0271346	
591	511	-11.1727	-nan	
611	511	13.0626	9.7536	
631	511	10.7902	10.9231	
651	511	11.6558	-10.7551	
671	511	-9.6892	2.03936	
691	511	11.9882	-10.1323	
711	511	-6.30344	2.27563	
731	511	-5.99699	2.47249	
751	511	-5.67182	1.0837	
771	511	-6.44655	0.267437	
791	511	-7.18992	-0.23956	
811	511	1.27426	-10.96	
831	511	-4.19542	-1.04124	
851	511	-nan	-nan	
871	511	-5.36223	0.85791	
891	511	-8.99254	1.09306	
911	511	-9.07682	0.676261	
931	511	-8.35759	-nan	
951	511	-nan	-nan	
971	511	9.04677	-11.2464	
11	531	-2.38887	1.20208	
31	531	-2.62985	1.04063	
51	531	-3.92999	0.287596	
71	531	-3.94091	0.300472	
91	531	-3.88112	0.966537	
111	531	-3.84141	1.25758	
131	531	-4.14124	0.620543	
151	531	-4.33466	-0.617139	
171	531	-4.90813	-0.444735	
191	531	-nan	-4.05203	
211	531	10.2727	-2.48797	
231	531	-0.644514	-nan	
251	531	-3.63861	-2.12968	
271	531	-1.02521	-nan	
291	531	9.87681	-nan	
311	531	11.3473	10.9522	
331	531	-2.26463	-1.65889	
351	531	-3.01129	-1.29426	
371	531	-2.84254	-0.727848	
391	531	-3.27402	-0.870035	
411	531	-10.754	-nan	
431	531	-3.00868	0.0227087	
451	531	-4.20714	-0.616188	
471	531	-nan	-nan	
491	531	-4.39953	0.984413	
511	531	-4.41269	0.534025	
531	531	-3.39626	0.245396	
551	531	-3.84406	0.560342	
571	531	-3.99073	0.45458	
591	531	-4.08299	-0.340088	
611	531	-nan	-nan	
631	531	9.1576	-9.59489	
651	531	-nan	-nan	
671	531	11.9613	-nan	
691	531	-6.92192	0.942913	
711	531	11.5018	-nan	
731	531	-6.58896	1.87461	
751	531	-nan	-nan	
771	531	-6.88875	-0.212364	
791	531	-6.17368	0.656929	
811	531	-nan	-nan	
831	531	11.2155	-3.02752	
851	531	-9.20994	-nan	
871	531	3.44764	-nan	
891	531	-10.2498	-nan	
911	531	-nan	-nan	
931	531	10.383	10.6643	
951	531	-nan	-10.8139	
971	531	-6.64916	-0.264929	
11	551	-3.13315	1.21002	
31	551	-3.43147	1.11017	
51	551	-3.49369	0.480894	
71	551	-3.72277	0.296965	
91	551	-4.1338	0.986778	
111	551	-4.13327	-nan	
131	551	8.99231	-2.98603	
151	551	-3.81275	-0.0738791	
171	551	-4.10256	-0.729341	
191	551	11.7009	-10.1141	
211	551	4.98166	-nan	
231	551	-2.84378	-1.69708	
251	551	-3.32224	-2.10826	
271	551	-3.05126	-1.42275	
291	551	11.0657	-2.95044	
311	551	-2.41436	-1.72073	
331	551	-3.02975	-1.79921	
351	551	-3.44493	-1.05434	
371	551	-3.27273	-1.13961	
391	551	-2.97016	-1.68281	
411	551	-3.21681	-1.08285	
431	551	-nan	-nan	
451	551	-nan	-7.62433	
471	551	-nan	10.1268	
491	551	-4.68767	0.397924	
511	551	-4.2496	-1.09215	
531	551	-nan	-nan	
551	551	-nan	-nan	
571	551	-3.33778	0.723341	
591	551	11.0984	-nan	
611	551	-8.0828	10.2795	
631	551	11.5007	-nan	
651	551	2.10365	-nan	
671	551	-6.07329	0.0391904	
691	551	-nan	11.071	
711	551	-nan	-12.3424	
731	551	-nan	-9.08386	
751	551	-nan	-nan	
771	551	-nan	-10.7959	
791	551	-nan	7.03582	
811	551	-nan	-11.8606	
831	551	-2.10056	-nan	
851	551	11.6203	-11.5025	
871	551	-10.9108	9.15272	
891	551	-3.39455	-0.968581	
911	551	10.8107	-nan	
931	551	-7.64718	-nan	
951	551	-4.45892	-1.93466	
971	551	7.94695	-nan	
11	571	-3.30298	1.35048	
31	571	-nan	-8.25143	
51	571	-3.70246	0.119289	
71	571	-3.94048	0.398552	
91	571	-4.04091	1.11192	
111	571	-3.89218	1.23784	
131	571	-3.71774	-nan	
151	571	-3.49739	0.0979784	
171	571	-2.9366	-0.571005	
191	571	-nan	-9.90114	
211	571	-2.03107	-1.28036	
231	571	-nan	-1.52819	
251	571	-2.87079	-1.50809	
271	571	-3.64752	-1.7745	
291	571	-7.90532	11.0271	
311	571	-nan	7.20675	
331	571	-3.3103	-2.8429	
351	571	-3.21798	-1.14723	
371	571	-0.102536	-nan	
391	571	-3.00459	-1.82977	
411	571	-3.49093	-1.57009	
431	571	-nan	0.227655	
451	571	-3.36984	1.86915	
471	571	8.70062	-10.962	
491	571	-4.55928	0.155953	
511	571	9.84268	-nan	
531	571	-10.4004	-nan	
551	571	-3.74517	-0.168004	
571	571	-3.29335	0.0893493	
591	571	-9.78742	2.18024	
611	571	10.0219	11.0668	
631	571	-5.20028	1.0478	
651	571	-11.3807	-nan	
671	571	-nan	-nan	
691	571	-nan	-nan	
711	571	-nan	-nan	
731	571	-4.76329	-nan	
751	571	-6.85682	1.21883	
771	571	-10.5701	-11.8764	
791	571	-4.23715	-1.46105	
811	571	-nan	-nan	
831	571	-nan	-3.89509	
851	571	-3.02309	0.851496	
871	571	11.9054	-0.948954	
891	571	-2.483	-2.15322	
911	571	4.92919	-10.0837	
931	571	-2.90704	-0.730517	
951	571	-3.89473	-0.683645	
971	571	-4.31696	-nan	
11	591	-2.93496	0.797804	
31	591	-nan	-nan	
51	591	-2.17136	0.516958	
71	591	-2.60426	0.0107324	
91	591	-nan	-nan	
111	591	-3.79621	0.961706	
131	591	-3.25042	-0.377431	
151	591	-2.89284	-0.317626	
171	591	8.13874	-10.7747	
191	591	-2.03811	-0.662685	
211	591	-1.87808	-1.11521	
231	591	-2.18543	-1.00975	
251	591	-2.38991	-1.00192	
271	591	-2.65762	-1.15143	
291	591	-2.92113	-1.33096	
311	591	-2.7144	-2.81146	
331	591	-2.54482	-2.98288	
351	591	-2.93224	-2.88161	
371	591	-2.90549	-1.37176	
391	591	-2.96179	-1.29737	
411	591	-3.8926	-1.11753	
431	591	-3.91235	-9.62376	
451	591	11.2368	-3.25333	
471	591	13.2122	-11.8886	
491	591	-3.85135	-0.331467	
511	591	-4.24025	-0.134974	
531	591	-3.95122	-0.794645	
551	591	-4.23254	-nan	
571	591	-nan	-nan	
591	591	-3.43267	-0.792505	
611	591	-3.96996	-0.755858	
631	591	-4.78617	-3.13392	
651	591	11.3319	-nan	
671	591	5.12094	8.29668	
691	591	-3.99276	0.715332	
711	591	-7.11458	9.85471	
731	591	-5.8326	2.93961	
751	591	10.7817	-nan	
771	591	-3.65915	-nan	
791	591	-4.10893	-1.99419	
811	591	-nan	7.91671	
831	591	-1.81212	-0.942029	
851	591	5.77424	-8.85397	
871	591	3.12477	-nan	
891	591	-1.83827	-1.91013	
911	591	-1.70221	-1.39846	
931	591	-2.61276	-0.510206	
951	591	-4.03213	-0.505512	
971	591	-4.03059	-1.07815	
11	611	-3.13361	0.67397	
31	611	-nan	-11.7008	
51	611	-2.51988	0.172969	
71	611	-10.9853	-nan	
91	611	-3.07918	0.933834	
111	611	-3.0495	0.17739	
131	611	-2.67543	-0.157773	
151	611	-2.42686	-0.51063	
171	611	-2.07498	-0.272442	
191	611	-1.86119	-0.702863	
211	611	-2.0632	-0.442324	
231	611	-2.45877	-0.783616	
251	611	-2.6651	-0.769824	
271	611	-2.59769	-0.689255	
291	611	-2.17092	-0.94841	
311	611	-10.9717	-nan	
331	611	-2.18626	-2.34164	
351	611	-2.58973	-2.52934	
371	611	-2.93462	-1.36936	
391	611	9.42089	9.82292	
411	611	-nan	-9.45676	
431	611	-4.14925	1.58642	
451	611	-7.70445	-10.4376	
471	611	-3.3017	-0.332572	
491	611	-3.34406	0.150568	
511	611	-3.25605	-0.170741	
531	611	9.73959	-12.1968	
551	611	-3.21405	-0.973857	
571	611	-3.05372	-0.634805	
591	611	-3.23743	-nan	
611	611	-3.16491	-1.10102	
631	611	-2.92031	-0.976985	
651	611	-nan	9.07879	
671	611	4.0706	-1.2716	
691	611	-nan	10.5019	
711	611	-nan	-nan	
731	611	11.0687	-nan	
751	611	-3.23356	-0.835656	
771	611	-3.31646	-1.11935	
791	611	-11.1702	-nan	
811	611	-1.87584	-0.115259	
831	611	-1.23485	-1.16171	
851	611	-0.989136	-1.60126	
871	611	-0.823013	-2.06592	
891	611	-1.03704	-1.85064	
911	611	-0.949732	-1.45956	
931	611	-1.9199	-0.207913	
951	611	-nan	6.80311	
971	611	-2.58718	-1.87357	
11	631	-8.54851	-nan	
31	631	-3.03897	0.804781	
51	631	-11.5019	-nan	
71	631	6.278	11.4727	
91	631	-3.14987	0.920996	
111	631	-2.67221	0.13706	
131	631	-2.08292	0.182078	
151	631	-2.01528	0.0179066	
171	631	-2.20468	0.0774275	
191	631	-2.01682	-0.0365407	
211	631	-2.35538	0.00423334	
231	631	10.7819	-nan	
251	631	-nan	-nan	
271	631	9.70121	5.68713	
291	631	-2.26376	-0.304665	
311	631	-1.57778	-0.738391	
331	631	-1.60047	-1.36007	
351	631	-2.18525	-1.19309	
371	631	12.1272	-nan	
391	631	-nan	-8.1336	
411	631	-9.21558	-nan	
431	631	11.1821	-nan	
451	631	-5.17663	-nan	
471	631	-3.27597	-0.486657	
491	631	-3.14861	0.0169256	
511	631	-2.63796	-0.068329	
531	631	-2.24379	0.128252	
551	631	-2.08222	0.118507	
571	631	-nan	-nan	
591	631	-nan	7.03624	
611	631	-3.1236	-0.890252	
631	631	-nan	-11.0657	
651	631	-nan	-nan	
671	631	-nan	-nan	
691	631	-nan	-nan	
711	631	-2.7521	0.751862	
731	631	-nan	-nan	
751	631	-nan	-8.94919	
771	631	-9.32205	9.12046	
791	631	11.7351	10.9167	
811	631	-1.45239	-0.754763	
831	631	-1.07956	-1.1152	
851	631	-3.11347	-nan	
871	631	-0.373378	-1.72261	
891	631	-0.718703	-1.47304	
911	631	-0.890265	-1.17352	
931	631	-0.404885	-0.935455	
951	631	-nan	-0.756784	
971	631	-1.10387	-1.00741	
11	651	-3.29349	1.22738	
31	651	-2.95764	0.494975	
51	651	-3.17256	0.23608	
71	651	-3.13828	0.80241	
91	651	-nan	8.85311	
111	651	-2.66009	-0.221106	
131	651	-11.0534	-nan	
151	651	-2.7001	-0.0448712	
171	651	-nan	8.92178	
191	651	-2.28618	0.264603	
211	651	-1.92147	-0.135078	
231	651	-2.00814	-0.508674	
251	651	-1.734	-0.43393	
271	651	-2.43091	-0.627018	
291	651	-2.28686	-0.182357	
311	651	-1.74651	-0.297516	
331	651	-1.41953	-0.823235	
351	651	-1.45501	-0.749866	
371	651	-1.19284	-1.15586	
391	651	-11.2936	-7.81991	
411	651	-8.05585	-11.8746	
431	651	-3.88079	1.19745	
451	651	-3.10281	0.996711	
471	651	1.91154	8.82619	
491	651	-1.16458	10.7642	
511	651	-2.66951	0.233136	
531	651	-nan	-8.79042	
551	651	-2.92595	1.05515	
571	651	-2.96503	0.940975	
591	651	-3.05042	0.586008	
611	651	-nan	-0.427444	
631	651	-nan	-nan	
651	651	10.8306	-nan	
671	651	-2.69629	1.18755	
691	651	9.03333	6.17338	
711	651	-9.40252	8.36809	
731	651	-nan	-6.1911	
751	651	-2.86711	0.284418	
771	651	3.97381	-nan	
791	651	-1.89239	0.241583	
811	651	11.5013	-nan	
831	651	4.99547	-nan	
851	651	-0.660296	-1.27521	
871	651	-10.2674	-nan	
891	651	-0.714314	-1.25283	
911	651	-0.4696	-0.91446	
931	651	-nan	-nan	
951	651	-0.415077	-0.858597	
971	651	-0.713719	-0.765749	
11	671	-2.50698	1.21827	
31	671	-2.40099	-0.136141	
51	671	9.4833	6.77676	
71	671	-4.83357	-11.2487	
91	671	10.8277	-nan	
111	671	-3.13232	-0.122013	
131	671	-4.01857	0.112625	
151	671	-3.42361	0.438223	
171	671	-nan	7.23618	
191	671	-nan	0.137294	
211	671	-1.85738	-0.107822	
231	671	-1.95745	-0.0494726	
251	671	-2.17994	-0.0165419	
271	671	-2.47466	0.0390293	
291	671	-2.40484	-0.10352	
311	671	-2.01438	-0.0953878	
331	671	-nan	-nan	
351	671	-1.10447	-0.607355	
371	671	-1.01408	-nan	
391	671	-11.1819	-nan	
411	671	-10.2889	-5.94598	
431	671	-11.5025	-nan	
451	671	-3.83751	0.999199	
471	671	-2.76421	1.07641	
491	671	-2.6498	0.317796	
511	671	8.83792	-nan	
531	671	-2.84588	0.653218	
551	671	-2.99895	1.06036	
571	671	8.64089	11.354	
591	671	-nan	-nan	
611	671	-2.88981	0.0941589	
631	671	-2.7803	-nan	
651	671	-nan	0.11263	
671	671	-1.93783	0.223491	
691	671	-1.12626	1.00554	
711	671	-nan	-nan	
731	671	-nan	-nan	
751	671	11.6662	10.0712	
771	671	-0.425505	0.735383	
791	671	-0.588877	0.928158	
811	671	-0.554466	-0.802859	
831	671	-0.765582	-0.680577	
851	671	-0.507638	-1.12466	
871	671	-0.621892	-0.899496	
891	671	-0.596139	-0.980264	
911	671	-0.389546	-0.664571	
931	671	-0.144818	-nan	
951	671	-0.258119	-0.983678	
971	671	-nan	-nan	
11	691	-2.01973	0.108145	
31	691	-2.88536	0.00485297	
51	691	-2.78907	0.371578	
71	691	-8.26172	-10.6507	
91	691	-3.10974	-0.270918	
111	691	-2.99612	-0.237651	
131	691	-3.36096	-0.412999	
151	691	-3.00848	-0.631508	
171	691	8.17228	9.00935	
191	691	-nan	-10.9006	
211	691	-2.52172	0.0404604	
231	691	-2.31648	-nan	
251	691	-2.50569	0.0457256	
271	691	-2.25979	-0.0452029	
291	691	-2.0611	-nan	
311	691	-2.02926	-0.0853006	
331	691	-1.49614	-0.212622	
351	691	-1.01346	-0.431627	
371	691	-0.890288	-0.374866	
391	691	-1.33345	-0.325168	
411	691	-1.88051	0.057366	
431	691	7.27736	10.7445	
451	691	-4.07622	1.69182	
471	691	7.95807	10.7703	
491	691	-2.57736	2.18602	
511	691	-nan	-7.73677	
531	691	-nan	-nan	
551	691	-1.4205	0.985961	
571	691	11.5021	-nan	
591	691	-0.357263	-0.296548	
611	691	-10.1542	-nan	
631	691	-2.44295	1.2461	
651	691	-nan	-nan	
671	691	-nan	-0.31927	
691	691	-0.825706	-0.0153937	
711	691	-0.187955	0.0460804	
731	691	-0.0332798	-0.152257	
751	691	0.00923292	-0.0643354	
771	691	0.21139	0.110025	
791	691	11.1867	-4.86687	
811	691	0.0302812	-0.446531	
831	691	-nan	-8.962	
851	691	-4.83854	-10.9122	
871	691	0.0799191	-0.39193	
891	691	-nan	-0.245682	
911	691	0.162066	-0.451649	
931	691	0.0592531	-0.556596	
951	691	13.2617	10.5027	
971	691	-9.06598	-7.30269	
11	711	-1.56634	-0.251971	
31	711	-11.5013	-11.7404	
51	711	-2.26492	0.187285	
71	711	-2.31179	0.00757122	
91	711	-2.70516	-0.195399	
111	711	11.5005	-nan	
131	711	1.94322	-nan	
151	711	-2.96932	-0.274637	
171	711	-nan	-0.426163	
191	711	-10.8374	-10.2813	
211	711	-2.53103	0.0045449	
231	711	-2.11646	0.366828	
251	711	-1.56611	-0.205829	
271	711	-1.20429	-0.509397	
291	711	-1.21016	-0.0666909	
311	711	-1.07126	-0.463629	
331	711	-1.26601	-0.399857	
351	711	-nan	-nan	
371	711	-0.852812	-0.147624	
391	711	-0.878218	-0.197917	
411	711	-0.970444	0.0774833	
431	711	-1.83846	0.783654	
451	711	-nan	-9.27749	
471	711	-nan	-nan	
491	711	-2.32565	0.552486	
511	711	-2.01829	0.30094	
531	711	-nan	-11.9982	
551	711	-0.790667	1.1293	
571	711	-1.38574	0.884606	
591	711	9.78976	-nan	
611	711	-11.5023	-11.8413	
631	711	-2.30502	1.12675	
651	711	-2.21614	0.844536	
671	711	-1.37188	-0.67472	
691	711	-0.717739	-0.533945	
711	711	-0.220261	-0.253094	
731	711	-0.0668333	-0.283181	
751	711	0.0618514	-0.181776	
771	711	7.20585	-10.2153	
791	711	6.73918	-nan	
811	711	0.315357	-0.659215	
831	711	0.0241743	-0.66134	
851	711	-0.243492	-0.596987	
871	711	-0.241999	-nan	
891	711	11.8904	8.12085	
911	711	-0.00490893	-0.535922	
931	711	0.0865481	-0.351456	
951	711	0.0269084	-nan	
971	711	-nan	-11.8922	
11	731	-nan	2.07411	
31	731	-1.26371	0.1374	
51	731	10.7199	-11.6722	
71	731	-1.54717	0.156045	
91	731	-2.15137	0.902722	
111	731	-1.97718	0.735012	
131	731	-2.2279	1.04084	
151	731	-2.94699	0.439806	
171	731	-2.2585	-0.399511	
191	731	-1.83479	-0.887078	
211	731	-1.38055	-0.724136	
231	731	-6.90874	-9.36598	
251	731	-0.800226	-0.660606	
271	731	-0.74768	-0.354798	
291	731	-1.10673	-0.573687	
311	731	-1.0533	-0.280049	
331	731	-1.00903	-0.237009	
351	731	-0.82003	-0.221922	
371	731	-0.979546	-0.154773	
391	731	9.84612	-nan	
411	731	-0.541542	0.0409225	
431	731	-1.00254	0.437485	
451	731	-nan	-nan	
471	731	12.0768	-11.5028	
491	731	-nan	10.5029	
511	731	-1.1675	-8.01486	
531	731	-nan	-nan	
551	731	-1.087	0.793719	
571	731	-1.68715	0.395337	
591	731	-11.5004	-nan	
611	731	-1.90845	0.165354	
631	731	-1.98657	0.725332	
651	731	-1.47154	0.168485	
671	731	-1.04241	-0.115106	
691	731	-0.38747	-0.215272	
711	731	-0.14609	-0.26626	
731	731	-0.0486904	-0.159847	
751	731	0.134636	-0.164385	
771	731	0.0235641	-nan	
791	731	-5.97746	-nan	
811	731	0.158252	-0.600968	
831	731	-6.18947	8.25326	
851	731	0.0225877	-0.530878	
871	731	-0.0639073	-0.535251	
891	731	-0.00268209	-0.508587	
911	731	-0.0355769	-0.278576	
931	731	0.0222189	-0.0897937	
951	731	0.125441	-nan	
971	731	9.13597	-nan	
11	751	-1.10578	0.297184	
31	751	-1.30573	0.257827	
51	751	-1.20961	-0.0551961	
71	751	11.2229	6.72397	
91	751	-1.68005	0.971019	
111	751	-1.57016	0.86329	
131	751	-0.84916	1.59865	
151	751	13.3791	-0.203158	
171	751	-nan	-9.45015	
191	751	-1.08456	-1.1668	
211	751	-0.669034	-1.09771	
231	751	-0.75745	-0.793245	
251	751	-0.819206	-0.659337	
271	751	-nan	-0.57846	
291	751	-10.2656	0.237035	
311	751	-0.597265	-0.312277	
331	751	-0.581051	-0.290922	
351	751	-0.730114	-0.114389	
371	751	-0.838151	-0.0330891	
391	751	-1.00875	0.0663474	
411	751	-0.56233	0.181388	
431	751	-0.22074	0.093136	
451	751	-0.0639092	0.240603	
471	751	-0.0688394	0.0809283	
491	751	-0.0416017	0.324013	
511	751	-0.0471543	-0.535086	
531	751	-0.368111	-0.189528	
551	751	-8.57948	9.79982	
571	751	5.33786	-nan	
591	751	-0.37811	-0.353957	
611	751	-nan	9.72857	
631	751	-nan	-nan	
651	751	-1.12247	-0.0194104	
671	751	-0.757832	-0.599792	
691	751	-0.112905	-nan	
711	751	-0.130316	-nan	
731	751	-0.0233727	-0.17278	
751	751	0.057236	-0.0976038	
771	751	0.096334	-0.267678	
791	751	0.215697	-0.321212	
811	751	0.304526	-0.0638727	
831	751	4.35847e-06	-0.196235	
851	751	-0.0698127	-0.42544	
871	751	0.119383	-0.327288	
891	751	0.132665	-0.386613	
911	751	-7.7224	-10.9598	
931	751	0.0716405	-0.143134	
951	751	-0.0599839	-nan	
971	751	0.0521586	-0.195107	
11	771	-nan	10.5013	
31	771	-1.09683	0.187693	
51	771	-1.1441	0.348883	
71	771	-0.940516	0.266185	
91	771	-0.862852	0.501582	
111	771	-0.776088	0.762137	
131	771	-0.453268	1.20918	
151	771	-nan	8.77041	
171	771	-0.0948679	-0.593708	
191	771	-0.231468	-1.05715	
211	771	-0.783215	-0.850374	
231	771	-0.732117	-0.814355	
251	771	-0.266065	-0.316038	
271	771	9.86014	10.8563	
291	771	-11.5031	-nan	
311	771	-0.328267	-0.1915	
331	771	-0.61857	-0.081508	
351	771	-0.752505	-0.0657102	
371	771	-0.848397	-0.146232	
391	771	-0.828974	0.0360137	
411	771	-0.758612	0.140432	
431	771	-0.379612	0.205595	
451	771	0.0270776	0.249283	
471	771	0.0538851	0.192719	
491	771	0.0687113	0.202479	
511	771	0.0177496	-0.120885	
531	771	-0.18205	0.27732	
551	771	-0.00958808	0.184217	
571	771	0.180585	-0.0732164	
591	771	-0.0586448	-0.321299	
611	771	-7.69565	-nan	
631	771	12.7736	-11.696	
651	771	5.16585	-nan	
671	771	13.0473	6.83684	
691	771	11.046	-nan	
711	771	0.0766215	-0.3172	
731	771	-0.102704	-0.113766	
751	771	0.0328895	-0.14683	
771	771	0.069186	-0.159118	
791	771	-0.0529164	-0.084505	
811	771	0.0346554	0.0436481	
831	771	0.17751	-0.360352	
851	771	0.196321	-0.216641	
871	771	0.0231651	-0.258004	
891	771	0.0426846	-0.260087	
911	771	0.0236908	-0.290655	
931	771	-0.116117	-0.308805	
951	771	4.33065	-nan	
971	771	0.029273	-0.347597	
11	791	-0.767878	-0.117529	
31	791	-1.00834	-0.0189375	
51	791	-0.938072	0.146275	
71	791	-0.758221	0.0156354	
91	791	-0.667716	0.271844	
111	791	-0.435063	-nan	
131	791	-0.122279	0.523881	
151	791	-4.16789	-7.87979	
171	791	-0.102765	-9.82014	
191	791	-0.201679	-nan	
211	791	-0.610167	-nan	
231	791	8.06876	-nan	
251	791	-11.4204	-11.806	
271	791	-11.0036	8.17735	
291	791	11.6775	-10.9336	
311	791	-0.032414	-0.21672	
331	791	-0.324077	0.0122932	
351	791	-0.495376	-0.183835	
371	791	-0.78051	-0.215399	
391	791	-0.75378	-0.149762	
411	791	-0.697133	0.0745297	
431	791	-0.491888	0.13519	
451	791	-0.277228	0.0674163	
471	791	-0.145504	0.0718101	
491	791	0.0742328	-0.0626417	
511	791	0.0217221	0.0796881	
531	791	-0.137837	-0.00951759	
551	791	0.202664	-nan	
571	791	0.038037	-0.0155256	
591	791	-0.17519	-0.0735163	
611	791	-0.20532	0.051317	
631	791	-9.1025	-10.2457	
651	791	0.237149	0.270883	
671	791	-11.3859	8.21313	
691	791	-0.000243141	-0.256312	
711	791	0.00564119	-0.222791	
731	791	0.0211529	-0.0257674	
751	791	-0.134065	-0.237171	
771	791	0.128929	-0.104864	
791	791	0.087227	-0.227634	
811	791	0.132698	0.0295382	
831	791	0.0564932	-0.0786197	
851	791	-nan	-nan	
871	791	0.142774	-0.249858	
891	791	-0.0661562	-0.142862	
911	791	-nan	-0.0676322	
931	791	0.0557512	-0.216939	
951	791	0.0398931	-nan	
971	791	0.0822925	-0.244796	
11	811	-0.671486	-0.0701804	
31	811	-nan	-nan	
51	811	-0.83711	0.0387878	
71	811	-0.577921	-0.343242	
91	811	10.9609	-11.6629	
111	811	-0.195776	0.160368	
131	811	-0.0293033	0.0335265	
151	811	-0.0311499	-0.164395	
171	811	0.0744049	-0.321625	
191	811	-11.1588	7.01197	
211	811	-0.107979	-0.103341	
231	811	-0.0603932	-0.360781	
251	811	-0.257229	-0.528632	
271	811	-0.475738	-0.506009	
291	811	-0.439877	-0.544648	
311	811	-0.270689	-0.363015	
331	811	-0.282353	-0.0762942	
351	811	-0.34344	0.0104134	
371	811	-5.64849	-nan	
391	811	-0.398293	0.0795326	
411	811	-0.563356	0.0686653	
431	811	-0.342759	0.210764	
451	811	-0.165309	0.00863225	
471	811	-0.146325	0.0168698	
491	811	10.1792	8.95622	
511	811	0.070798	-0.0229404	
531	811	0.0199278	0.0273675	
551	811	-0.180189	-0.174806	
571	811	-0.0241128	-0.0651645	
591	811	-0.196981	0.0332673	
611	811	-0.0295959	-0.0533845	
631	811	-0.121551	-0.0549445	
651	811	-0.0290094	-0.126777	
671	811	3.95577	10.1724	
691	811	-0.0234991	-0.0815251	
711	811	0.0201305	-nan	
731	811	0.101946	-0.0878407	
751	811	0.0685942	-0.088954	
771	811	0.0675875	-0.0844174	
791	811	0.0309037	0.0387721	
811	811	0.0183299	-0.0690337	
831	811	0.0279286	-0.160492	
851	811	0.0815932	-0.185437	
871	811	0.0442527	-0.086296	
891	811	0.168362	-0.0654796	
911	811	0.156903	0.00157363	
931	811	0.111243	-0.204199	
951	811	0.0179153	-0.170078	
971	811	0.0620768	-0.256611	
11	831	-0.427831	0.24909	
31	831	-0.661437	-0.11917	
51	831	-0.503628	-0.237093	
71	831	-0.227012	-0.0880508	
91	831	-0.22991	0.0396322	
111	831	-0.132725	0.0483057	
131	831	0.141247	-0.212321	
151	831	0.111773	-0.272918	
171	831	0.163587	-0.431488	
191	831	0.0301566	-0.481899	
211	831	-0.151769	-0.136015	
231	831	-0.201473	-0.373071	
251	831	-0.309717	-0.336907	
271	831	-10.5001	-9.17555	
291	831	-0.264653	-0.486966	
311	831	-0.0417625	-0.360516	
331	831	-0.140261	-0.341715	
351	831	-0.221135	-0.178068	
371	831	4.06352	-1.77078	
391	831	-2.32667	11.0214	
411	831	5.03245	5.8065	
431	831	0.10514	0.0200852	
451	831	0.0834261	-0.161104	
471	831	0.00206669	-0.0598993	
491	831	0.110695	-0.0176024	
511	831	0.0135432	0.0792095	
531	831	0.143895	-0.170257	
551	831	-0.00388965	-0.0599392	
571	831	-0.0191659	-0.0454572	
591	831	-nan	8.82563	
611	831	0.146922	-0.181992	
631	831	0.1894	-0.141073	
651	831	-0.130071	0.146374	
671	831	-0.00607393	-0.213244	
691	831	0.131932	-0.0934755	
711	831	-0.0338582	-0.0211611	
731	831	0.11929	-0.115099	
751	831	0.0315671	-0.0626268	
771	831	0.0542498	-0.0620545	
791	831	-0.0191498	-0.0459299	
811	831	0.080496	-0.0911306	
831	831	0.134187	-0.362167	
851	831	-0.017456	-0.286421	
871	831	-0.124022	-0.102858	
891	831	0.118797	-0.211199	
911	831	-0.128165	-0.18278	
931	831	-0.164495	-0.188951	
951	831	-0.0824466	-0.205113	
971	831	-0.0957644	-0.0842809	
11	851	0.122735	0.0372303	
31	851	-0.226351	0.0229019	
51	851	-0.300817	-0.0341986	
71	851	-10.0628	-nan	
91	851	-0.0590011	-0.000469232	
111	851	-0.0929532	-0.0116254	
131	851	0.0475877	-0.222883	
151	851	0.300176	-0.382174	
171	851	0.288184	-0.328054	
191	851	-0.0377379	-0.241903	
211	851	-0.25013	-0.166996	
231	851	-0.110379	-0.0855182	
251	851	-0.181986	-0.198458	
271	851	-0.120062	-0.228346	
291	851	-0.0882708	-0.366007	
311	851	0.0585187	-nan	
331	851	-0.109128	-nan	
351	851	0.0681737	-0.12512	
371	851	-0.187112	-0.0341878	
391	851	-0.21244	0.166515	
411	851	-0.103862	0.201228	
431	851	0.102987	0.0804896	
451	851	0.217182	-0.198302	
471	851	0.160989	-0.145628	
491	851	0.0119604	-0.181718	
511	851	0.162405	-0.12511	
531	851	0.0243468	-0.103992	
551	851	-7.07103	-nan	
571	851	0.0147297	-0.0767303	
591	851	0.0810454	-0.25351	
611	851	-0.079734	-0.218668	
631	851	-0.0478387	-0.100396	
651	851	-0.0574349	-0.163605	
671	851	0.00908514	-0.1203	
691	851	0.101524	0.103981	
711	851	0.0710324	0.035201	
731	851	0.273864	-0.246699	
751	851	0.175808	-0.101057	
771	851	0.00203628	-0.104643	
791	851	-10.8643	-nan	
811	851	0.160603	-0.0808041	
831	851	-0.0168398	-0.36209	
851	851	-0.0942725	-0.126144	
871	851	0.115969	-0.135623	
891	851	0.105394	-0.203552	
911	851	-0.0537425	-0.236201	
931	851	-0.126352	-0.272873	
951	851	0.0863356	0.0338747	
971	851	13.1525	4.81654	
11	871	0.195023	-0.130691	
31	871	13.0272	-10.6701	
51	871	0.103771	-0.175684	
71	871	-8.27322	-10.8106	
91	871	0.16114	-0.290081	
111	871	-0.017299	-0.22537	
131	871	-0.0441053	-0.205659	
151	871	0.247773	-0.324376	
171	871	0.28686	-0.317279	
191	871	0.15352	-0.175301	
211	871	-0.0678816	-nan	
231	871	0.0856451	-0.119044	
251	871	-0.139765	-0.24187	
271	871	-0.0855954	-0.349945	
291	871	-0.0154589	-0.29605	
311	871	0.0867963	-nan	
331	871	-0.0117188	-nan	
351	871	9.01941	-nan	
371	871	0.0641273	0.0195185	
391	871	0.0477705	-0.0174588	
411	871	0.0953011	-0.136417	
431	871	0.10602	-0.0669135	
451	871	0.147966	-0.117811	
471	871	-8.47358	-11.8081	
491	871	-0.0533079	-0.136485	
511	871	0.0339408	-0.242994	
531	871	0.171432	-0.10561	
551	871	-0.0328205	-0.302817	
571	871	0.016676	-0.109475	
591	871	0.100501	-0.0342142	
611	871	0.0564071	0.0106679	
631	871	-0.106463	-0.0613749	
651	871	-0.124204	-0.174789	
671	871	-nan	-0.0205211	
691	871	7.07904	-7.06244	
711	871	0.000252661	-0.00202691	
731	871	-0.155364	-0.20412	
751	871	-0.0273086	-0.138314	
771	871	-0.068522	-0.0147704	
791	871	-nan	10.5014	
811	871	0.0611035	-0.140327	
831	871	-0.163992	-0.0225927	
851	871	-0.103799	-0.0512469	
871	871	0.0487697	-0.15547	
891	871	0.100365	-0.0202933	
911	871	0.0411948	-0.190379	
931	871	0.00599172	-0.139468	
951	871	0.0450777	-0.201167	
971	871	0.168629	-0.0969654	
11	891	0.298048	-0.221104	
31	891	0.216199	-0.190134	
51	891	0.410363	-0.303376	
71	891	0.236953	-nan	
91	891	0.31469	-0.231743	
111	891	0.213809	-0.174363	
131	891	0.331012	-0.312635	
151	891	0.146309	-0.305579	
171	891	0.0559026	-0.307923	
191	891	0.0997956	-0.239216	
211	891	0.0756343	-0.205949	
231	891	0.10916	-0.262528	
251	891	-0.0450155	-0.125431	
271	891	-0.0250167	-0.227925	
291	891	-0.0111264	-0.20539	
311	891	13.1238	10.5077	
331	891	0.0815675	-0.28976	
351	891	-0.0126167	-0.21066	
371	891	0.0596674	-0.129589	
391	891	0.032091	-0.210168	
411	891	0.0956321	-0.125805	
431	891	0.0353398	-0.0507814	
451	891	0.030655	-0.116426	
471	891	0.101192	-0.175564	
491	891	0.0601431	-nan	
511	891	0.0616521	0.0194103	
531	891	-0.0084432	0.0271197	
551	891	-0.0711067	0.0414578	
571	891	-0.14545	-0.0901796	
591	891	-0.0264764	-nan	
611	891	0.0371406	-0.125758	
631	891	-0.0370808	-0.215861	
651	891	-0.226232	-0.162168	
671	891	-0.0756786	0.0590761	
691	891	-0.0681265	-0.257315	
711	891	-0.043351	-0.0864314	
731	891	-0.0586531	-0.146204	
751	891	0.00467863	-0.132501	
771	891	-0.0195095	-0.231883	
791	891	-0.211081	-0.0786833	
811	891	-nan	-0.124875	
831	891	-0.055827	-0.176345	
851	891	-0.073869	-0.147537	
871	891	-0.0916744	-0.0907967	
891	891	-10.8073	7.6176	
911	891	0.146933	-0.105844	
931	891	0.00260158	-0.238185	
951	891	0.135596	-0.231307	
971	891	0.0369496	-0.274584	
11	911	0.121912	-0.210493	
31	911	11.2129	10.8867	
51	911	0.31458	-0.216823	
71	911	0.46308	-nan	
91	911	0.225333	-0.243159	
111	911	0.281632	-0.39519	
131	911	0.300348	-0.371784	
151	911	0.232883	-0.246168	
171	911	0.142358	-0.202388	
191	911	0.19145	-0.386158	
211	911	0.291258	-0.211817	
231	911	0.101337	-0.187002	
251	911	0.0180816	-0.0492827	
271	911	0.300927	-0.232286	
291	911	0.11524	-0.127543	
311	911	0.0545483	-0.235222	
331	911	0.181664	-0.266136	
351	911	0.129077	-0.280268	
371	911	0.200674	-0.145575	
391	911	0.0825272	-0.143362	
411	911	0.0868827	-0.124737	
431	911	0.0826435	0.0159879	
451	911	0.0419187	-0.11068	
471	911	0.090467	-0.0179377	
491	911	-0.0573026	-0.0495777	
511	911	0.0812806	-0.0941419	
531	911	0.05934	-0.00543499	
551	911	-0.0669511	-0.108073	
571	911	-0.153072	-0.0461633	
591	911	-0.0704823	0.0715234	
611	911	-0.0213545	0.0580077	
631	911	-0.102902	-0.0766174	
651	911	-0.146197	-0.223182	
671	911	-0.107371	-0.0462003	
691	911	-0.146794	0.0975962	
711	911	0.0753434	-0.106268	
731	911	0.0314394	-0.0430984	
751	911	-0.0525053	0.0543328	
771	911	-0.0576912	0.0021914	
791	911	-0.322291	-0.201913	
811	911	-0.0962322	-0.154073	
831	911	-0.0335474	0.0248199	
851	911	-0.0067112	-0.109237	
871	911	0.0267512	-0.0946101	
891	911	0.0588996	-0.303348	
911	911	-0.12627	-0.189669	
931	911	0.200007	-0.101519	
951	911	-0.0757273	-0.037039	
971	911	0.0176941	-0.209988	
11	931	0.260672	-0.192769	
31	931	0.269196	-0.214622	
51	931	0.310316	-0.220418	
71	931	-nan	9.77525	
91	931	0.386003	-0.240369	
111	931	0.120441	-0.160754	
131	931	0.234851	-0.305266	
151	931	11.5013	-nan	
171	931	0.421178	-0.281743	
191	931	0.253855	-0.127775	
211	931	0.27503	-0.428878	
231	931	0.130781	-0.235952	
251	931	0.013491	-0.0217128	
271	931	0.269382	-0.352091	
291	931	0.155334	-0.274811	
311	931	5.79025	-nan	
331	931	0.063735	-0.154471	
351	931	11.0466	-nan	
371	931	0.157623	-0.105115	
391	931	0.0971893	-0.201124	
411	931	-0.0136489	-0.18093	
431	931	0.0751711	-0.208882	
451	931	0.0759955	-0.162182	
471	931	0.0399629	0.0122221	
491	931	0.0299169	0.0478946	
511	931	-0.115385	-0.0632245	
531	931	0.00874617	-0.141505	
551	931	0.0267852	-0.0871544	
571	931	-0.166252	-0.188973	
591	931	0.11052	-0.141471	
611	931	0.0515028	-nan	
631	931	0.0300861	-0.183851	
651	931	0.0188185	-0.0926143	
671	931	0.0770739	-0.059021	
691	931	0.0061055	0.178841	
711	931	-0.070203	-0.295728	
731	931	0.117921	-0.14701	
751	931	0.021293	-0.0167416	
771	931	0.0750989	-0.0262213	
791	931	-0.227679	0.00935834	
811	931	-0.0195024	-0.107822	
831	931	0.129264	-0.031592	
851	931	-0.00583087	-0.00925383	
871	931	0.0300279	-0.0407415	
891	931	0.0743325	-0.158725	
911	931	0.0299196	-0.0126754	
931	931	-0.0864296	-0.0847132	
951	931	-0.0226825	-0.124398	
971	931	-nan	5.06397	
11	951	0.184517	-0.146236	
31	951	0.182112	-0.147516	
51	951	0.205768	-0.136098	
71	951	0.169016	-0.287363	
91	951	0.322489	-0.335653	
111	951	0.322988	-0.239912	
131	951	0.23881	-0.170731	
151	951	-nan	-7.95785	
171	951	0.220146	-0.227725	
191	951	0.0689006	-0.110278	
211	951	0.138593	-0.0984393	
231	951	0.189769	-0.0467523	
251	951	0.171175	-0.0463665	
271	951	0.282695	-0.336363	
291	951	-nan	-nan	
311	951	-0.00628226	-0.207599	
331	951	0.343065	-0.10879	
351	951	0.118874	0.141414	
371	951	0.182186	-0.152538	
391	951	0.0716681	-0.00765695	
411	951	12.1132	-11.1404	
431	951	0.0629626	-0.0780432	
451	951	0.189185	-0.0667703	
471	951	0.129463	-0.132157	
491	951	0.262537	-0.12719	
511	951	-0.0994085	-0.0636116	
531	951	0.0255018	-0.0871681	
551	951	0.075583	0.0014894	
571	951	0.0486769	0.0632716	
591	951	0.128909	0.124248	
611	951	0.0849591	-0.022728	
631	951	-nan	-10.0735	
651	951	0.0307381	-0.0278811	
671	951	0.0112209	-0.195571	
691	951	-0.142993	0.130595	
711	951	-0.00713881	-0.0387107	
731	951	0.117228	-0.0172317	
751	951	-0.187149	-0.0451536	
771	951	0.0799643	-nan	
791	951	-9.7853	-6.91969	
811	951	0.140057	-0.00990978	
831	951	0.0235712	0.167776	
851	951	0.149254	0.334078	
871	951	0.0132281	-0.236411	
891	951	3.71168	-9.60025	
911	951	-10.333	-8.02654	
931	951	-0.235771	-0.0614914	
951	951	-7.70838	-11.0671	
971	951	-0.140748	0.00394204	
11	971	0.263305	-0.100576	
31	971	-9.5353	-nan	
51	971	0.291804	-0.173868	
71	971	0.191704	-0.0413716	
91	971	0.163386	-0.125601	
111	971	5.8859	-nan	
131	971	0.0768452	-0.0477082	
151	971	-0.0129423	0.105103	
171	971	0.147517	0.00748566	
191	971	0.246474	-0.0627972	
211	971	0.101072	-0.0453607	
231	971	0.359885	-0.319804	
251	971	-8.07244	-nan	
271	971	0.169292	-0.104297	
291	971	-10.1709	-nan	
311	971	0.171263	-0.141937	
331	971	0.144236	-0.255853	
351	971	0.00271328	-0.0736688	
371	971	0.126779	-0.111386	
391	971	0.117379	-0.109563	
411	971	0.03605	-0.0650694	
431	971	0.148456	0.0149384	
451	971	0.0185848	-0.125821	
471	971	-0.022403	-0.146276	
491	971	-0.0890939	-0.0585973	
511	971	0.0489609	-nan	
531	971	0.100131	-0.178094	
551	971	0.240923	-0.275868	
571	971	0.143001	-0.0287627	
591	971	0.0296052	-0.0985365	
611	971	0.00167887	0.0493487	
631	971	0.144235	-0.189039	
651	971	0.0476457	-0.219329	
671	971	-0.0638453	0.00737347	
691	971	-0.123656	-0.137064	
711	971	0.0839571	0.0222792	
731	971	0.0995978	0.0386457	
751	971	-0.0229186	-0.0148367	
771	971	0.0455155	-0.101955	
791	971	0.0231321	0.00906705	
811	971	0.0837546	-0.105675	
831	971	0.0301744	0.000395167	
851	971	9.03388	-nan	
871	971	0.143792	-0.00962357	
891	971	-nan	-nan	
911	971	0.216077	-0.303754	
931	971	0.019041	-0.164506	
951	971	5.619	-nan	
971	971	-0.0548098	-0.16948	
11	991	0.176759	-0.148624	
31	991	0.237889	-0.170364	
51	991	0.250081	-0.148016	
71	991	0.136	-0.272823	
91	991	0.0675637	-0.187991	
111	991	0.18467	-0.151867	
131	991	0.187854	-0.131057	
151	991	0.0789471	0.135137	
171	991	0.177881	-0.162905	
191	991	0.235839	-0.212033	
211	991	0.213973	-0.173775	
231	991	0.207207	-0.259015	
251	991	-0.00725306	-0.237158	
271	991	0.21736	-0.21655	
291	991	0.211224	-0.296838	
311	991	0.073091	-0.0995999	
331	991	10.8107	-11.8377	
351	991	0.202309	-0.0995752	
371	991	0.0215089	-0.0186367	
391	991	0.0349745	-0.133399	
411	991	11.5012	-nan	
431	991	0.1611	-0.176724	
451	991	-0.0642317	-0.158226	
471	991	0.101542	-0.270861	
491	991	-nan	-nan	
511	991	0.0296675	-0.209698	
531	991	-0.0127809	-0.166097	
551	991	-0.099239	-0.203889	
571	991	0.115738	-0.297088	
591	991	0.0791239	-0.212748	
611	991	-0.0859004	-0.177339	
631	991	-0.0765497	-0.013846	
651	991	0.0140212	-0.0660586	
671	991	-0.0190575	0.0479001	
691	991	8.27009	-nan	
711	991	0.0218172	-0.0760989	
731	991	0.0111341	-0.0293768	
751	991	0.0373848	-0.128918	
771	991	-0.0160438	-0.0778176	
791	991	-0.00797797	0.0733556	
811	991	-0.0208442	-0.0914551	
831	991	-0.0808772	-0.28069	
851	991	-0.0417818	-nan	
871	991	0.0103396	-0.252617	
891	991	-0.038449	-0.280691	
911	991	0.141284	-0.0715225	
931	991	-0.0475442	-0.188694	
951	991	-nan	-nan	
971	991	-nan	13.4957	
